2 0.944084 0.00642766 0.00521337 0.00345571 0.00252114 0.00245517 0.0208225 0.000637517 0.00769347 0.00668945 
3 0.975953 0.0048115 0.00205781 0.00293364 0.00419372 0.00150406 0.00271483 0.00399359 0.000239415 0.00159849 
4 0.684611 0.0264993 0.0216478 0.0715684 0.104504 2.64102e-07 2.64102e-07 2.64102e-07 2.64102e-07 0.091168 
5 0.965268 0.00903892 0.00709598 0.0047036 0.00343154 0.00215812 0.00174762 0.000851768 0.00240187 0.00330197 
6 0.807384 0.0612853 0.0229492 0.0310792 0.0172632 0.0136013 0.00912338 0.00677454 0.00513237 0.0254077 
7 0.779993 0.0763184 0.0314086 0.0196386 0.0221601 0.0130736 0.0122902 0.0117779 0.00582505 0.0275144 
8 0.651894 0.111373 0.0376702 0.0331015 0.0344874 0.0282252 0.0241007 0.0170937 0.0152869 0.046768 
9 0.709705 0.0607869 0.0736573 0.0272596 0.0307595 0.0181469 0.0170595 0.0163484 0.00808552 0.0381916 
10 0.983444 0.00141662 0.00553982 0.000749249 0.000546618 0.00169011 0.00335682 0.00013568 0.00052068 0.00260028 
12 0.944552 0.00591641 0.0166898 0.00119544 0.00804583 0.00228318 0.000289459 0.0024629 0.0180718 0.000493494 
13 0.916749 0.0355081 0.00733865 0.0103246 0.00564373 0.00444659 0.00298264 0.00221475 0.00168682 0.0131051 
14 0.984716 0.000667863 0.00436973 0.00139394 0.00515516 0.000155958 0.000123847 6.0995e-05 0.00213888 0.00121745 
15 0.978972 0.00546792 0.00238799 0.0021136 0.00196993 0.000268382 0.00649493 9.71137e-05 0.000273201 0.00195536 
17 0.972664 0.00858621 0.0010825 0.009192 0.000529392 0.00456057 0.000266588 0.000129931 0.000366386 0.00262233 
18 0.978458 0.00764615 0.00748932 0.00162039 0.00118216 0.000743466 0.000602052 0.000293432 0.000827437 0.00113752 
19 0.964185 0.00643519 0.00526712 0.00349133 0.00254713 0.0016019 0.0012972 0.00063224 0.00183008 0.012713 
20 0.890309 0.0583364 0.011632 0.00799513 0.00671359 0.00546691 0.00394135 0.00305383 0.00221918 0.0103323 
21 0.757642 0.04693 0.0365112 0.0253666 0.0286235 0.0168867 0.0158748 0.0152131 0.00752562 0.0494267 
23 0.980722 0.00196402 0.00920186 0.00129943 0.0041217 0.000163651 0.00206791 5.96572e-05 0.000168224 0.000231266 
24 0.816698 0.047991 0.0382791 0.0173866 0.0177863 0.0140135 0.00939985 0.00697983 0.0052879 0.0261776 
25 0.980727 0.00338484 0.00630326 0.000608052 0.00223921 0.00385952 0.000235664 0.000110103 0.000310552 0.00222208 
26 0.973566 0.00222998 0.00180534 0.0117969 0.000873509 0.000549062 0.00397819 0.000216704 0.000611147 0.00437357 
28 0.944974 0.0165278 0.0151089 0.0033866 0.00247071 0.00155384 0.00125829 0.000613273 0.0117293 0.00237743 
29 0.983523 0.00720679 0.00265396 0.000422159 0.00278264 0.000192548 0.000155922 7.59941e-05 0.000378018 0.00260919 
30 0.905266 0.0227935 0.0402229 0.00638559 0.00536046 0.00436506 0.00314697 0.00243833 0.0017719 0.00824979 
31 0.883079 0.0413601 0.0171125 0.0117643 0.00987857 0.00804417 0.00579941 0.00449349 0.00326537 0.0152032 
32 0.975163 0.00717801 0.00818121 0.00159688 0.00229289 0.00287812 0.00134305 0.00026747 0.000194367 0.00090495 
33 0.663488 0.0784349 0.0397744 0.0366619 0.0470717 0.03054 0.0250903 0.020377 0.00769081 0.0508713 
34 0.859162 0.0340587 0.0271658 0.0123389 0.0126853 0.0206348 0.00667104 0.00495343 0.0037527 0.0185776 
35 0.813878 0.0487293 0.038868 0.0176541 0.0180599 0.0142291 0.00954446 0.00708721 0.00536925 0.0265803 
36 0.829263 0.0487293 0.0234834 0.0176541 0.0180599 0.0142291 0.00954446 0.00708721 0.00536925 0.0265803 
37 0.946348 0.0177283 0.0118956 0.000640789 0.00973195 7.7336e-06 0.00626938 0 0.00112648 0.00625171 
38 0.887174 0.0383424 0.0242719 0.0167877 0.011592 0.00494594 0.00331759 0.00246347 0.00186632 0.00923915 
39 0.970973 0.00400638 0.013774 0.00384968 0.000442216 0.00163293 0.000259335 0.00297611 0.000258207 0.0018286 
40 0.649785 0.113948 0.0504977 0.0335636 0.0290096 0.027959 0.02297 0.018655 0.00704088 0.0465723 
41 0.868189 0.0483485 0.0142656 0.0200697 0.0109715 0.00864384 0.00579804 0.00430532 0.0032617 0.0161469 
43 0.907932 0.0544864 0.0122871 0.00201448 0.0138621 2.43706e-05 0.00294973 0 0.00208239 0.00436148 
46 0.853133 0.0538427 0.0263152 0.0119533 0.0122281 0.00963428 0.0064624 0.00479863 0.00363543 0.0179971 
47 0.916362 0.0139632 0.0164283 0.0173074 0.00944952 0.00915341 0.00235138 0.00181291 0.00705559 0.00611622 
48 0.985012 0.00126077 0.00102387 0.00468616 0.000495665 0.0023154 0.000252162 0.000123023 0.00435441 0.000476481 
49 0.883236 0.0570205 0.0262076 0.00675004 0.00566803 0.00461551 0.00332753 0.00257823 0.00187357 0.00872314 
50 0.892501 0.0374097 0.0115186 0.0175331 0.00664904 0.00548835 0.0133313 0.00313802 0.00219784 0.0102329 
51 0.963477 0.0141587 0.00430463 0.000967277 0.00657184 0.00311899 0.00318855 0.00304299 0.000492713 0.000677327 
52 0.782482 0.0655134 0.0638326 0.026827 0.0182705 0.00783879 0.00525754 0.00390401 0.0114322 0.0146417 
53 0.906239 0.0205788 0.0154886 0.0131706 0.013341 0.00970399 0.0058891 0.00284845 0.00214111 0.0105995 
55 0.975783 0.00445022 0.00251486 0.0106709 0.000223145 0.00372913 9.1946e-05 4.48406e-05 0.00231343 0.000177884 
56 0.88456 0.0268584 0.0168715 0.0115986 0.00973943 0.00793088 0.00571773 0.00443021 0.00345182 0.0288411 
57 0.764092 0.0742086 0.0416758 0.020993 0.0236884 0.0139752 0.0131378 0.0125901 0.00622678 0.0294119 
58 0.819479 0.0585135 0.0234834 0.0176541 0.0180599 0.0142291 0.00954446 0.00708721 0.00536925 0.0265803 
59 0.962597 0.00532094 0.00425759 0.00282424 0.0103902 0.00129487 0.00104857 0.000511061 0.00144167 0.010314 
61 0.842194 0.0502097 0.0183906 0.0138255 0.0141433 0.0111433 0.00747458 0.00555023 0.00420484 0.0328641 
62 0.827821 0.0604821 0.0214989 0.0161622 0.0165338 0.0130266 0.00873789 0.00648829 0.00491551 0.0243341 
63 0.921427 0.03884 0.0223887 0.00565129 0.00463408 0.00154289 0.00111222 0.000861766 0.000626235 0.00291568 
66 0.949799 0.00694374 0.00574057 0.00386883 0.0139481 0.00174618 0.00141381 0.00068907 0.00194328 0.013907 
67 0.82916 0.048832 0.0234834 0.0176541 0.0180599 0.0142291 0.00954446 0.00708721 0.00536925 0.0265803 
68 0.965617 0.00302089 0.0171011 0.00616713 0.0016877 0.000209413 0.00016958 0.000152649 0.00286608 0.00300823 
71 0.951632 0.00944877 0.0086578 0.0132147 0.00140382 0.000882866 0.000714936 0.00034845 0.000982583 0.0127144 
72 0.9079 0.0265683 0.0103796 0.0129435 0.0129665 0.00390116 0.00255588 0.00602657 0.0086857 0.00807251 
77 0.964268 0.00493342 0.0120873 0.00270928 0.00197657 0.00124308 0.00100664 0.00849061 0.00138347 0.00190193 
81 0.88783 0.0219231 0.038078 0.0180259 0.00553201 0.00450474 0.00324769 0.0105163 0.00182861 0.00851378 
82 0.87964 0.0278707 0.0176158 0.0121103 0.0101691 0.00828077 0.00596999 0.00462566 0.00336141 0.0303562 
83 0.663488 0.0784349 0.0397744 0.0366617 0.0316874 0.0305398 0.0250903 0.020377 0.00769236 0.0662544 
84 0.902256 0.0210153 0.023135 0.0191947 0.00727896 0.00592729 0.00427325 0.003311 0.00240606 0.0112023 
85 0.670924 0.0869094 0.0352738 0.0279973 0.0499231 0.0226905 0.026192 0.0166814 0.013536 0.0498728 
87 0.891621 0.0568268 0.0098191 0.00674999 0.00566897 0.0128113 0.00332753 0.00257823 0.00187357 0.00872314 
88 0.859321 0.0368358 0.0177491 0.0133432 0.01365 0.0107545 0.00721384 0.00535661 0.00405817 0.0317177 
89 0.913198 0.0280282 0.0182511 0.00470619 0.00395143 0.00893195 0.00231977 0.0017974 0.00144342 0.0173726 
90 0.979643 0.0047146 0.0032308 0.00488225 0.00307874 0.000158417 0.00190823 0.000127168 0.00195719 0.000299569 
91 0.760961 0.0462875 0.036011 0.0250191 0.0282314 0.0166553 0.0156574 0.0150047 0.00755221 0.0486199 
94 0.980193 0.00688384 0.00391988 0.00222264 0.00380859 0.000263363 0.000213269 0.000103945 0.000296274 0.0020947 
96 0.865256 0.0456373 0.0171508 0.0128934 0.0131899 0.010392 0.00697067 0.00517605 0.00392136 0.0194126 
97 0.974302 0.0064283 0.00532198 0.0035277 0.00257366 0.00161859 0.00131072 0.000638826 0.0018014 0.00247648 
99 0.830625 0.0534702 0.039666 0.0136609 0.013975 0.0110106 0.00738559 0.00548415 0.00415478 0.0205681 
102 0.881384 0.0419595 0.0173605 0.0119348 0.0100217 0.00816076 0.00588346 0.00455862 0.00331269 0.0154235 
103 0.819434 0.0472747 0.0377075 0.0171273 0.0175208 0.0138043 0.00925955 0.00687565 0.00520898 0.0257869 
104 0.940359 0.030253 0.00379314 0.00908832 0.00495469 0.00210202 0.00140998 0.00104697 0.000793185 0.00619936 
107 0.890797 0.0302582 0.0178787 0.012291 0.0103209 0.00840436 0.00605909 0.0046947 0.00341158 0.0158839 
108 0.88947 0.029157 0.0184288 0.0126692 0.0106385 0.00866296 0.00624552 0.00483915 0.00351655 0.0163727 
109 0.968077 0.00442396 0.0107922 0.002419 0.00184504 0.0081725 0.000898777 0.000438052 0.00123525 0.00169816 
110 0.897643 0.0291738 0.0139806 0.00957557 0.0196686 0.00654758 0.00472045 0.0036575 0.00265786 0.0123747 
111 0.855318 0.0513822 0.0179579 0.0135002 0.0138105 0.0108811 0.0072987 0.00541963 0.0041059 0.0203261 
112 0.750679 0.0591749 0.0355244 0.024681 0.0413634 0.0164303 0.0154458 0.0148019 0.00732067 0.0345789 
113 0.753884 0.0834873 0.0266529 0.0245671 0.0212338 0.0204648 0.0168131 0.0136547 0.00515363 0.034089 
114 0.860817 0.0365339 0.0175451 0.0131898 0.0134931 0.0106309 0.00713092 0.00529549 0.0152986 0.0200656 
115 0.871083 0.0239899 0.0278212 0.010424 0.00875316 0.00712775 0.00513872 0.00398158 0.0183968 0.0232842 
116 0.883079 0.0270744 0.0171125 0.0117643 0.00987857 0.00804417 0.00579941 0.0187792 0.00326537 0.0152032 
117 0.963476 0.0118003 0.00988437 0.000618781 0.0110995 0.0002777 0.000223895 0.000111444 0.00208475 0.000423028 
122 0.8166 0.0480893 0.0231276 0.0173866 0.0329378 0.0140135 0.00939985 0.00697983 0.0052879 0.0261776 
124 0.883221 0.0309091 0.0146771 0.0110566 0.0204698 0.00930345 0.00596529 0.00442951 0.00335578 0.0166127 
127 0.922019 0.0334069 0.0231535 0.00431151 0.00362042 0.00294813 0.00212544 0.00164683 0.00119673 0.00557185 
128 0.650774 0.105209 0.0388292 0.03412 0.0355485 0.0290937 0.0248423 0.0176196 0.0157573 0.048207 
129 0.63555 0.120432 0.0388292 0.03412 0.0355485 0.0290937 0.0248423 0.0176196 0.0157573 0.048207 
130 0.881529 0.0395265 0.0178787 0.012291 0.0103209 0.00840436 0.00605909 0.0046947 0.00341158 0.0158839 
132 0.823001 0.0563138 0.0206297 0.0155199 0.029364 0.0124985 0.00838365 0.00622525 0.00471624 0.0233476 
133 0.871759 0.037998 0.0229332 0.0104321 0.0106718 0.0084081 0.00563999 0.0132787 0.00317274 0.0157066 
134 0.751799 0.042529 0.0566848 0.045185 0.02483 0.0146487 0.0137709 0.0131969 0.00652687 0.0308294 
135 0.876017 0.030321 0.0327624 0.00862372 0.0115966 0.0177964 0.00449558 0.00333818 0.002529 0.0125197 
136 0.950013 0.0078177 0.00490932 0.00337519 0.0151289 0.00230776 0.00166377 0.00128912 0.00124223 0.0122528 
137 0.935511 0.0192146 0.0153707 0.00420955 0.00826301 0.00761052 0.00198029 0.00153436 0.001115 0.00519133 
138 0.868704 0.0362479 0.0132732 0.018674 0.0102078 0.0167382 0.0053947 0.0127015 0.0030348 0.0150237 
139 0.767326 0.0450627 0.0350507 0.0279095 0.0372542 0.0162112 0.0152398 0.0146046 0.00722306 0.0341178 
140 0.875885 0.0391247 0.029701 0.0111284 0.00934459 0.00760935 0.00548593 0.0042506 0.00308886 0.0143814 
141 0.741132 0.0945501 0.0312708 0.0212371 0.0239638 0.01773 0.0213262 0.0127365 0.00629918 0.0297539 
143 0.90699 0.0215409 0.0136177 0.0207161 0.00785795 0.00639878 0.00461317 0.00357437 0.00259745 0.0120934 
144 0.865345 0.0324004 0.0457743 0.02017 0.00768336 0.00625658 0.00451066 0.00349494 0.00253973 0.0118247 
147 0.844899 0.0406077 0.0195695 0.0147117 0.01505 0.0118576 0.00795372 0.00590601 0.00447438 0.0349708 
152 0.764158 0.0456952 0.0355244 0.024681 0.0278499 0.0164303 0.0154458 0.0148019 0.00732081 0.0480923 
153 0.827035 0.0509566 0.0234834 0.0176541 0.0180599 0.0142291 0.00954446 0.00708721 0.00536925 0.0265803 
154 0.880721 0.0376001 0.0155568 0.0236818 0.00898052 0.00731289 0.0052722 0.004085 0.00296852 0.0138211 
155 0.827173 0.0452486 0.0360917 0.0163931 0.01677 0.0132127 0.00886271 0.00658098 0.00498573 0.0246817 
158 0.87964 0.0278707 0.0176158 0.0121103 0.0101691 0.00828077 0.0206759 0.00462566 0.00336141 0.0156503 
159 0.73098 0.0707572 0.0593626 0.025536 0.0271176 0.0159979 0.0150393 0.0144124 0.00712802 0.0336689 
162 0.813878 0.0487293 0.0234834 0.0176541 0.0334446 0.0142291 0.00954446 0.00708721 0.00536925 0.0265803 
163 0.875993 0.0287152 0.0181496 0.0124773 0.0104773 0.0236832 0.00615089 0.00476583 0.00346327 0.0161246 
165 0.948261 0.00920413 0.00762553 0.00505462 0.00368763 0.00231917 0.00187804 0.000915781 0.017506 0.00354838 
169 0.732612 0.0489704 0.0525914 0.0264695 0.029868 0.0321136 0.016565 0.0158745 0.00785116 0.0370846 
170 0.650311 0.105671 0.0388292 0.03412 0.0355485 0.0290937 0.0248423 0.0176196 0.0157573 0.048207 
172 0.833387 0.048247 0.0227824 0.0171271 0.0175208 0.0138043 0.00925955 0.00687565 0.00520898 0.0257869 
176 0.904963 0.0287713 0.0108922 0.0165972 0.0153548 0.00511911 0.00369054 0.0028595 0.00207796 0.00967475 
180 0.948261 0.00920415 0.00762553 0.00505462 0.018613 0.00231917 0.00187804 0.000915332 0.00258111 0.00354838 
181 0.924684 0.0237638 0.00981906 0.00674999 0.00566803 0.00461557 0.0115241 0.00257828 0.00187357 0.00872314 
182 0.828074 0.050822 0.03081 0.0139978 0.0265072 0.0112792 0.00756573 0.00561791 0.00425612 0.0210698 
184 0.941825 0.01204 0.00758149 0.00521204 0.0170348 0.00356387 0.00256936 0.00199079 0.00144668 0.00673559 
185 0.813878 0.0487293 0.0234834 0.0176541 0.01806 0.0142291 0.0249291 0.00708722 0.00536925 0.0265803 
186 0.818926 0.0409395 0.0237233 0.0233779 0.0263292 0.0133994 0.0207742 0.00590601 0.00447438 0.0221503 
187 0.919466 0.0317654 0.0129364 0.00484411 0.00994999 0.00331231 0.00238799 0.00185026 0.00134456 0.0121425 
190 0.940295 0.0175706 0.0127045 0.00476011 0.00977745 0.00325487 0.00234658 0.00181818 0.00132125 0.00615158 
191 0.89231 0.0380948 0.0157615 0.0108355 0.00909868 0.00740911 0.00534157 0.00413874 0.00300757 0.0140029 
193 0.830185 0.0622183 0.018391 0.0138255 0.0141433 0.0111433 0.0195228 0.00555023 0.00420484 0.0208159 
194 0.815881 0.063015 0.0186149 0.0139941 0.0286622 0.021323 0.00756573 0.00561791 0.00425612 0.0210698 
195 0.940535 0.0284879 0.0164229 0.00368108 0.00268556 0.00168896 0.0013677 0.000666601 0.00187972 0.00258415 
196 0.867749 0.06671 0.0126151 0.00948358 0.00970163 0.00764372 0.00512719 0.00380718 0.00288431 0.0142787 
198 0.824667 0.045905 0.022122 0.0166306 0.017013 0.0134042 0.00899116 0.00674625 0.0194808 0.0250395 
200 0.645802 0.0895413 0.0363427 0.0288458 0.0665873 0.0233781 0.0269857 0.0171869 0.0139461 0.051384 
202 0.829263 0.0487293 0.0234834 0.0176541 0.0180599 0.0142291 0.00954446 0.00708721 0.00536925 0.0265803 
205 0.842882 0.0411377 0.0198237 0.0149028 0.0152454 0.0249986 0.00805701 0.00598271 0.00453249 0.0224379 
206 0.948325 0.00362294 0.0199221 0.00130843 0.000960073 0.00827906 0.00811056 0.000235132 0.00828864 0.00094755 
207 0.72463 0.0504323 0.0505397 0.0308811 0.0307595 0.0181469 0.0170595 0.0163484 0.0117071 0.0494954 
208 0.877295 0.0228342 0.0144323 0.0340181 0.0203795 0.00678424 0.00489107 0.00378969 0.00275392 0.012822 
209 0.895575 0.0329556 0.0136122 0.00935815 0.0192214 0.00639878 0.00461317 0.00357437 0.00259745 0.0120934 
210 0.798841 0.125475 0.0129372 0.00986902 0.0182711 0.00784549 0.00525754 0.00390397 0.00295764 0.0146417 
211 0.903917 0.0178839 0.0301666 0.00776941 0.00652358 0.00531219 0.0038298 0.00298963 0.0115583 0.0100496 
214 0.683738 0.0772465 0.0391717 0.0361063 0.0312073 0.0300771 0.0247102 0.0200682 0.00757428 0.0501006 
215 0.889182 0.0374607 0.0106013 0.00732294 0.0237832 0.00498312 0.00359256 0.00278358 0.00202297 0.0182673 
216 0.950731 0.0147896 0.0134079 0.00305099 0.00222587 0.00139986 0.00113359 0.000552498 0.00155797 0.0111508 
217 0.902363 0.0702363 0.0141859 0.00191333 0.00139625 0.00652722 0.000710904 0.000346482 0.00097703 0.00134317 
218 0.768156 0.0495641 0.0445734 0.0327867 0.0199969 0.0192727 0.0158337 0.0128592 0.00485342 0.0321033 
219 0.941351 0.0130146 0.0230061 0.00366004 0.00307333 0.00250263 0.00180548 0.00584119 0.0010159 0.00472988 
223 0.812887 0.0452487 0.0360916 0.0163931 0.01677 0.0274984 0.00886271 0.00658098 0.00498573 0.0246817 
225 0.948636 0.0109836 0.00722217 0.0251246 0.000992263 0.000624034 0.000505337 0.000313329 0.00463879 0.00095954 
227 0.88937 0.0292566 0.0184288 0.0126692 0.0106385 0.00866296 0.00624552 0.00483915 0.00351655 0.0163727 
229 0.739652 0.0652608 0.0392359 0.0272596 0.0307595 0.0181469 0.0170595 0.0163484 0.00808552 0.0381916 
234 0.7679 0.107841 0.026558 0.0176519 0.0152569 0.0147044 0.0120805 0.00981113 0.00370298 0.0244936 
235 0.663488 0.0784349 0.0397744 0.0367987 0.046935 0.0305398 0.0250903 0.020377 0.00769081 0.0508713 
236 0.750679 0.0591751 0.0355244 0.024681 0.041363 0.0164307 0.0154458 0.0148019 0.00732067 0.0345789 
237 0.855489 0.0406675 0.0177492 0.0249711 0.01365 0.0107545 0.00721384 0.00535661 0.00405816 0.0200898 
238 0.702972 0.104211 0.0298312 0.0387683 0.023677 0.0228171 0.0187456 0.0152242 0.005746 0.0380073 
240 0.918154 0.0189528 0.0119787 0.018235 0.006915 0.00563092 0.00405959 0.00314545 0.00228576 0.0106422 
241 0.845907 0.0372636 0.0297226 0.0252579 0.0138175 0.0108811 0.00729871 0.00541963 0.0041059 0.0203261 
242 0.952641 0.0123154 0.0112094 0.0149047 0.001103 0.00069368 0.000561736 0.000273782 0.000772028 0.00552563 
244 0.829175 0.0488171 0.0234834 0.0176541 0.01806 0.0142291 0.00954446 0.00708721 0.00536925 0.0265803 
245 0.960155 0.00708824 0.00587253 0.00389264 0.0028399 0.00178603 0.00144631 0.000704911 0.00198775 0.0142269 
246 0.877844 0.0282866 0.0178787 0.012291 0.0103209 0.00840436 0.00605909 0.00639348 0.0166382 0.0158839 
247 0.884726 0.026693 0.0168715 0.0115986 0.00973943 0.00793088 0.00571773 0.00443021 0.00321938 0.0290736 
249 0.911417 0.0495438 0.00699878 0.00463917 0.00338454 0.00212855 0.00172368 0.000842455 0.0160652 0.00325674 
251 0.900539 0.0189821 0.0120564 0.017277 0.00719915 0.0243992 0.00394142 0.00305383 0.00221918 0.0103323 
252 0.944248 0.0164675 0.00521342 0.0135973 0.00258357 0.0117896 0.00128397 0.000625789 0.00176464 0.00242594 
253 0.874085 0.029157 0.0184288 0.0126692 0.0260231 0.00866296 0.00624552 0.00483915 0.00351655 0.0163727 
254 0.827173 0.0452486 0.021806 0.0163931 0.01677 0.0132127 0.00886271 0.00658098 0.00498573 0.0389674 
255 0.897316 0.0541586 0.0109897 0.00755503 0.00634404 0.00516598 0.00372439 0.00288573 0.00209702 0.00976351 
258 0.887884 0.0259617 0.0164092 0.0112808 0.0094726 0.00771359 0.00556108 0.00430883 0.00313117 0.028277 
259 0.846858 0.0400975 0.0193218 0.0145255 0.0148595 0.0117075 0.00785304 0.00583125 0.00441774 0.0345281 
262 0.827504 0.0683938 0.0333006 0.0207381 0.0111806 0.00880848 0.00590848 0.00438732 0.00332382 0.0164545 
263 0.816698 0.0479915 0.0231276 0.0173866 0.0177863 0.0140135 0.0094097 0.0221215 0.0052879 0.0261776 
265 0.678334 0.0749745 0.0527255 0.0350443 0.0302894 0.0291925 0.0239834 0.019478 0.00735151 0.048627 
267 0.962331 0.0100373 0.00754653 0.000958228 0.0110549 0.000336993 0.00456898 0.000131933 0.000380633 0.00265308 
268 0.889393 0.0256164 0.0161875 0.0111284 0.00934459 0.00760935 0.00548593 0.0042506 0.00308896 0.0278948 
269 0.449147 0.13432 0.067394 0.0624068 0.116558 0.0140949 0.039014 0.0781526 0.0146007 0.0243116 
270 0.88947 0.029157 0.0184288 0.0126692 0.0106385 0.00866296 0.00624552 0.00483915 0.00351655 0.0163727 
272 0.814433 0.0784031 0.0149673 0.0112504 0.0213322 0.0188569 0.0158807 0.00451665 0.00342158 0.0169384 
273 0.848776 0.0395925 0.0190803 0.0143439 0.0146737 0.0115611 0.0202549 0.00575836 0.00436252 0.0215965 
274 0.762557 0.0608104 0.0355244 0.024681 0.0278499 0.0164303 0.0154458 0.0148019 0.00732067 0.0345789 
275 0.838524 0.0424027 0.0203523 0.0153002 0.015652 0.0123319 0.00827187 0.00614225 0.00467349 0.0363495 
276 0.881889 0.0391668 0.0178787 0.012291 0.0103209 0.00840436 0.00605909 0.0046947 0.00341158 0.0158839 
277 0.717831 0.0824513 0.0594014 0.0253514 0.0219115 0.021118 0.0173497 0.0140905 0.00531811 0.035177 
278 0.890079 0.0270286 0.0319783 0.00823538 0.00691542 0.0156301 0.00406003 0.00314545 0.00228576 0.0106422 
279 0.816698 0.047991 0.0231276 0.0173866 0.0177863 0.0140135 0.00939985 0.00697983 0.0052879 0.0413291 
280 0.735609 0.0511964 0.0398304 0.0277123 0.0463375 0.0184218 0.017318 0.0165961 0.00820803 0.0387703 
281 0.871686 0.0767537 0.00720107 0.0101302 0.0102537 0.00907961 0.00292637 0.00217297 0.00164623 0.00814963 
282 0.810187 0.0603851 0.022122 0.0166306 0.0315057 0.0134042 0.00899116 0.00667636 0.00505799 0.0250394 
284 0.888222 0.0501182 0.0117439 0.00807352 0.00677941 0.00552051 0.00398003 0.0128876 0.00224094 0.0104336 
286 0.88225 0.0242975 0.0409984 0.0105577 0.00886538 0.00721913 0.0052046 0.00403262 0.00293046 0.0136439 
289 0.82404 0.0688998 0.0344713 0.0112501 0.0213127 0.00906755 0.00608225 0.00451636 0.00342158 0.0169384 
290 0.88947 0.029157 0.0184288 0.0126692 0.0106385 0.00866296 0.00624552 0.00483915 0.00351655 0.0163727 
291 0.836383 0.0429349 0.0206273 0.0155069 0.0158635 0.0124985 0.00838365 0.00622525 0.00471624 0.0368611 
293 0.959785 0.0100974 0.0218013 0.00210358 0.0015346 0.000965121 0.000781545 0.000380915 0.00107413 0.00147666 
294 0.746656 0.0522542 0.0404432 0.0280983 0.031706 0.0187052 0.0175844 0.0168514 0.0083343 0.0393668 
295 0.668587 0.0772465 0.0391717 0.0512578 0.0312073 0.0300771 0.0247102 0.0200682 0.00757428 0.0501006 
296 0.864055 0.035602 0.0171508 0.0128934 0.0131899 0.010392 0.00697067 0.00517605 0.00392136 0.0306485 
297 0.840779 0.0417148 0.0200845 0.0150989 0.015446 0.0121696 0.00816303 0.00606143 0.00459579 0.0358874 
300 0.874085 0.0445416 0.0184288 0.0126692 0.0106385 0.00866296 0.00624552 0.00483915 0.00351655 0.0163727 
301 0.834199 0.0400984 0.03198 0.0271837 0.0148595 0.0117075 0.00785304 0.00583125 0.00441774 0.0218699 
302 0.874085 0.0445416 0.0184288 0.0126692 0.0106385 0.00866296 0.00624552 0.00483915 0.00351655 0.0163727 
306 0.886123 0.0270651 0.0392291 0.00857608 0.0149286 0.00526254 0.00379401 0.00293967 0.00213622 0.00994601 
307 0.683738 0.0772465 0.0391717 0.0361063 0.0312073 0.0300771 0.0247102 0.0200682 0.00757428 0.0501006 
309 0.876435 0.0298812 0.0238342 0.0108256 0.0110745 0.00874555 0.0152665 0.00434593 0.00329247 0.0162993 
310 0.87964 0.0278708 0.0176158 0.0121103 0.0101691 0.00828077 0.00596999 0.00463411 0.0180588 0.0156503 
311 0.731542 0.051984 0.0404432 0.0280983 0.031706 0.0187052 0.0175844 0.0168514 0.00885586 0.0542298 
312 0.660951 0.0895435 0.0363427 0.0288457 0.0514359 0.0233781 0.0269857 0.0171869 0.0139461 0.051384 
313 0.682315 0.0846981 0.0359074 0.0330974 0.0286067 0.0275707 0.022651 0.0183959 0.00694309 0.0598144 
315 0.747187 0.0722462 0.0632408 0.0205213 0.0231561 0.0136611 0.0128425 0.0123072 0.00608685 0.028751 
316 0.442375 0.206895 0.0365577 0.108187 0.0144308 0.0395627 0.0194848 0.0685156 0.00494927 0.0590411 
317 0.75722 0.0576374 0.0477474 0.0240315 0.027117 0.0159979 0.0150393 0.0144124 0.00712802 0.0336689 
318 0.891399 0.0466095 0.0313204 0.00496086 0.00416566 0.00339212 0.00244554 0.00189485 0.00149523 0.0123168 
319 0.789762 0.0407103 0.0316724 0.0220047 0.0248301 0.0266967 0.0137709 0.0131969 0.00652686 0.0308294 
320 0.678334 0.0749745 0.0380196 0.0497502 0.0302894 0.0291925 0.0239834 0.019478 0.00735151 0.048627 
321 0.838695 0.042232 0.0203523 0.0153002 0.015652 0.0123319 0.00827187 0.00614225 0.00465349 0.0363695 
323 0.842267 0.0460353 0.0214989 0.0161622 0.0165338 0.0130266 0.00873789 0.00648829 0.00491551 0.0243341 
324 0.754481 0.0504322 0.0392359 0.0272596 0.0307595 0.0181469 0.0170595 0.0163484 0.00808552 0.0381916 
325 0.950478 0.00880967 0.00729872 0.0191237 0.00352959 0.00221978 0.00179755 0.000876104 0.00247049 0.00339631 
329 0.750033 0.0519247 0.0398304 0.0276726 0.0312256 0.0184218 0.017318 0.0165961 0.00820803 0.0387703 
330 0.670983 0.0948345 0.0350542 0.0308028 0.0320924 0.0262651 0.0224271 0.0159066 0.0142253 0.0574091 
331 0.893479 0.0370998 0.0114083 0.0173666 0.00658571 0.00536278 0.00386628 0.0125195 0.00217691 0.0101355 
332 0.821544 0.0654125 0.0319773 0.0145278 0.0148595 0.0117075 0.00785304 0.00583125 0.00441774 0.0218699 
333 0.683733 0.0772519 0.0391717 0.0361063 0.0312073 0.0300771 0.0247102 0.0200682 0.00757428 0.0501006 
334 0.663628 0.0749745 0.0527255 0.0497502 0.0302894 0.0291925 0.0239834 0.019478 0.00735151 0.048627 
336 0.932944 0.0365798 0.0130852 0.00176741 0.00649205 0.000809507 0.00586281 0.000320083 0.0009007 0.00123824 
337 0.683738 0.0772465 0.0391717 0.0361063 0.0312073 0.0300771 0.0247102 0.0200682 0.00757428 0.0501006 
338 0.899402 0.0220025 0.0134068 0.0269965 0.0114416 0.00486784 0.00326521 0.00242457 0.00183685 0.0143564 
340 0.804509 0.0622 0.0377078 0.0171271 0.0175208 0.0138043 0.00925955 0.00687565 0.00520898 0.0257869 
341 0.816698 0.0631425 0.0231276 0.0173866 0.0177863 0.0140135 0.00939985 0.00697983 0.0052879 0.0261776 
342 0.946669 0.00948733 0.00786016 0.00521015 0.0038011 0.00239053 0.00193583 0.000943497 0.0180451 0.00365757 
343 0.83185 0.047991 0.0231276 0.0173866 0.0177863 0.0140135 0.00939985 0.00697983 0.0052879 0.0261776 
344 0.872438 0.0263223 0.0166372 0.0253264 0.00960417 0.0217096 0.00563832 0.00436867 0.00317466 0.0147809 
345 0.739555 0.0653576 0.0392359 0.0272596 0.0307595 0.0181469 0.0170595 0.0163484 0.00808552 0.0381916 
346 0.89507 0.0242979 0.0153574 0.0105577 0.00963202 0.019273 0.0052046 0.00403262 0.00293046 0.0136439 
347 0.892309 0.024937 0.0289194 0.0108355 0.00909868 0.00740911 0.00534157 0.00413874 0.00300757 0.0140029 
348 0.934431 0.0369773 0.00647554 0.00445134 0.00373784 0.00304374 0.00219437 0.00170024 0.00123554 0.00575256 
349 0.848776 0.0395925 0.0190803 0.0143439 0.0146737 0.0115611 0.00775487 0.00575836 0.00436799 0.034091 
350 0.946112 0.0218056 0.0125909 0.00282216 0.00205893 0.00129487 0.00104857 0.000511061 0.00144112 0.0103145 
351 0.829122 0.0313335 0.0243408 0.0261703 0.0190823 0.0112578 0.0105832 0.0101421 0.00545589 0.0325123 
352 0.653314 0.106366 0.0382409 0.033603 0.0350099 0.0286528 0.0244659 0.0173527 0.0155185 0.0474766 
354 0.682315 0.0846982 0.0359074 0.0469863 0.0286067 0.0275707 0.022651 0.0183959 0.00694309 0.0459255 
355 0.661202 0.0856482 0.0347626 0.0275915 0.0491996 0.0368544 0.0258124 0.0164396 0.0133398 0.04915 
356 0.820577 0.0570877 0.0209099 0.0157194 0.0160811 0.0230067 0.0118598 0.00631053 0.00478084 0.0236674 
358 0.775117 0.0373639 0.0727718 0.0200703 0.0226471 0.0133609 0.0125603 0.0120367 0.00595307 0.0281191 
360 0.746926 0.051984 0.0404432 0.0280983 0.031706 0.0187052 0.0175844 0.0168514 0.0083343 0.0393668 
361 0.890592 0.0226454 0.026151 0.00980356 0.00823214 0.00670348 0.00483285 0.0156493 0.00272114 0.0126693 
365 0.905952 0.0211775 0.0101777 0.0139962 0.00814493 0.00616594 0.0108026 0.00307112 0.00232724 0.0181842 
366 0.652264 0.110255 0.0355479 0.0312366 0.0466289 0.026635 0.022743 0.0161307 0.0144257 0.0441332 
372 0.830144 0.0622594 0.0183906 0.0138255 0.0141433 0.0111433 0.00747458 0.00555023 0.004206 0.0328629 
373 0.780342 0.0402433 0.0428853 0.0220576 0.0245344 0.0144743 0.013607 0.0130398 0.00645624 0.04236 
374 0.705991 0.0718257 0.0364131 0.0335636 0.0290096 0.027959 0.02297 0.018655 0.00704088 0.0465723 
375 0.754225 0.0475971 0.0511029 0.0257277 0.0290266 0.0171245 0.0160984 0.0154274 0.00763 0.03604 
377 0.948261 0.00920413 0.00762553 0.00505462 0.00368763 0.00231917 0.0168034 0.000915332 0.00258111 0.00354838 
378 0.878724 0.0385863 0.0141335 0.0106251 0.0108694 0.0178231 0.00574435 0.00426545 0.0032315 0.0159974 
379 0.953155 0.00833347 0.0069042 0.00457648 0.0033388 0.00209979 0.00170039 0.000828747 0.00233695 0.0167262 
380 0.829263 0.0487293 0.0234834 0.0176541 0.0180599 0.0142291 0.00954446 0.00708721 0.00536925 0.0265803 
381 0.824669 0.0603961 0.022122 0.0166306 0.017013 0.0134042 0.00899116 0.00667636 0.00505799 0.0250394 
383 0.866737 0.0269557 0.0368574 0.0177427 0.00970519 0.0159046 0.00512719 0.00380718 0.00288431 0.0142787 
385 0.816698 0.047991 0.0231276 0.0173866 0.0177863 0.0140135 0.00939985 0.00697983 0.0052879 0.0413291 
386 0.884726 0.026693 0.0168715 0.0115986 0.00973944 0.0220154 0.00571773 0.00443021 0.00321938 0.0149891 
387 0.663488 0.0938195 0.0397744 0.0366617 0.0316874 0.0305398 0.0250903 0.020377 0.00769081 0.0508713 
391 0.829607 0.0446113 0.0214989 0.0302467 0.0165338 0.0130266 0.00873789 0.00648829 0.00491551 0.0243341 
392 0.900743 0.0715877 0.00502301 0.0129346 0.00239875 0.00150859 0.00122164 0.00059541 0.00167897 0.00230817 
394 0.739555 0.0504322 0.0541596 0.0272612 0.0307595 0.0181469 0.0170595 0.0163484 0.00808552 0.0381916 
395 0.95164 0.00877871 0.0209848 0.00470362 0.00343155 0.00215812 0.00174762 0.000851768 0.00240187 0.00330197 
396 0.914062 0.0178137 0.02024 0.00799709 0.00646261 0.00526254 0.00379401 0.00293967 0.00213622 0.0192918 
397 0.831954 0.0407316 0.0195695 0.0275322 0.0150678 0.0246603 0.00795375 0.00590601 0.00447438 0.0221503 
398 0.820104 0.0348354 0.0271011 0.0188288 0.0315556 0.0125344 0.0117834 0.0112922 0.00558484 0.0263798 
399 0.895599 0.0315931 0.0149513 0.00935794 0.00785795 0.00639878 0.00461317 0.00357437 0.00259745 0.0234571 
400 0.828539 0.0494536 0.0234834 0.0176541 0.0180599 0.0142291 0.00954446 0.00708721 0.00536925 0.0265803 
402 0.90676 0.0408296 0.00998229 0.00686249 0.00577104 0.0130172 0.00338299 0.0026212 0.0019048 0.00886852 
403 0.938815 0.0358449 0.00699877 0.00463917 0.00338454 0.00212855 0.00172368 0.0008401 0.00236896 0.00325674 
404 0.88979 0.0421963 0.0173011 0.00785968 0.00804039 0.00633487 0.00424925 0.00315527 0.00239042 0.018683 
405 0.519406 0.144568 0.0394843 0.0530635 0.0588685 0.0411471 0.0343877 0.0190076 0.00649433 0.083573 
406 0.841594 0.0580632 0.0171508 0.0128934 0.0131899 0.010392 0.00698754 0.0163951 0.00392136 0.0194126 
407 0.942185 0.00813486 0.0126719 0.0193309 0.00720366 0.0022894 0.00165024 0.00127864 0.000929169 0.00432611 
408 0.88934 0.0292867 0.0184288 0.0126692 0.0106385 0.00866296 0.00624552 0.00483915 0.00351655 0.0163727 
410 0.87072 0.0708721 0.020737 0.00675008 0.00690528 0.00544053 0.00364935 0.00270982 0.00205295 0.0101631 
412 0.858353 0.0888886 0.0177896 0.00703845 0.00591026 0.00481275 0.00346974 0.00268842 0.00195364 0.00909592 
413 0.83015 0.0622523 0.0183917 0.0138255 0.0141433 0.0111433 0.0195228 0.00555023 0.00420484 0.0208159 
414 0.813878 0.0487293 0.0234834 0.0200845 0.0272002 0.018043 0.00954446 0.00708721 0.00536925 0.0265803 
415 0.829606 0.0446121 0.0214989 0.0302467 0.0165338 0.0130266 0.00873789 0.00648829 0.00491551 0.0243341 
417 0.673533 0.0760938 0.0385871 0.0355674 0.0307415 0.0296282 0.0243414 0.0197687 0.00746123 0.0642782 
418 0.829607 0.0446113 0.0214989 0.0161622 0.0165338 0.0146098 0.0212392 0.00648829 0.00491551 0.0243341 
421 0.852903 0.070102 0.0148196 0.0111409 0.0113971 0.00897952 0.0060232 0.00447251 0.00338836 0.016774 
422 0.93264 0.0480909 0.00532199 0.0035277 0.00257366 0.00161859 0.00131072 0.000638826 0.0018014 0.00247648 
423 0.832078 0.0534282 0.0195695 0.0275322 0.01505 0.0118576 0.00795372 0.00590601 0.00447438 0.0221503 
425 0.816698 0.047991 0.0231276 0.0173866 0.0177863 0.0140135 0.00939985 0.00697983 0.0074737 0.0391433 
426 0.904242 0.00701622 0.0388299 0.022882 0.00222589 0.0104089 0.00113359 0.000552498 0.00156911 0.0111397 
428 0.837358 0.0477076 0.022122 0.0166306 0.017013 0.0134042 0.00899116 0.00667636 0.00505799 0.0250394 
429 0.871625 0.0634353 0.0368335 0.0100515 0.00382044 0.00311101 0.00224287 0.00173782 0.00126285 0.00587968 
430 0.747105 0.0489704 0.0380986 0.0409622 0.029868 0.0176209 0.016565 0.0158745 0.00785116 0.0370846 
431 0.900001 0.032108 0.0281144 0.00712741 0.00729128 0.00574466 0.00385335 0.0028613 0.00216771 0.0107312 
432 0.813878 0.0487293 0.0234834 0.0176541 0.01806 0.0142292 0.024929 0.00708721 0.00536925 0.0265803 
433 0.918953 0.0150743 0.0149482 0.0203203 0.0121689 0.00405102 0.00292057 0.00226291 0.00164443 0.00765628 
435 0.726583 0.063729 0.0323167 0.0298605 0.0373345 0.0256523 0.0203859 0.0165563 0.00624878 0.041333 
436 0.911038 0.0206001 0.0130213 0.0198197 0.0075163 0.00612057 0.0044126 0.00341896 0.00248452 0.0115676 
438 0.893708 0.0246131 0.0155568 0.0106948 0.0219675 0.00731289 0.00527219 0.00408499 0.00296852 0.0138211 
439 0.940678 0.0392148 0.00555368 0.00368108 0.00268556 0.00168896 0.0013677 0.000666601 0.00187972 0.00258415 
441 0.680742 0.0802429 0.0391717 0.0361063 0.0312073 0.0300771 0.0247102 0.0200682 0.00757428 0.0501006 
442 0.83185 0.047991 0.0231276 0.0173866 0.0177863 0.0140135 0.00939985 0.00697983 0.0052879 0.0261776 
443 0.679875 0.105785 0.0341068 0.0299703 0.031225 0.0255552 0.0218209 0.0154767 0.0138408 0.042344 
444 0.805123 0.052729 0.0665955 0.0219138 0.0119785 0.00943766 0.00633051 0.0047007 0.00356124 0.0176298 
445 0.884726 0.026693 0.0168715 0.0115986 0.00973943 0.00793088 0.0198022 0.00443021 0.00321938 0.0149891 
446 0.886326 0.0263226 0.0166372 0.0114375 0.00960416 0.00782072 0.0195272 0.00436869 0.00317466 0.0147809 
450 0.85902 0.031675 0.025264 0.0114752 0.0117399 0.0192478 0.00620398 0.00460669 0.00349011 0.0272771 
452 0.757641 0.0469308 0.0365112 0.0253666 0.0286235 0.0168867 0.0158748 0.0152131 0.00752402 0.0494283 
454 0.819434 0.0472747 0.0227824 0.0171271 0.0175208 0.0138043 0.0241849 0.00687565 0.00520898 0.0257869 
455 0.830259 0.0495821 0.0231276 0.0173866 0.0177863 0.0140135 0.00939985 0.00697983 0.0052879 0.0261776 
456 0.678872 0.0784349 0.0397744 0.0366617 0.0316874 0.0305398 0.0250903 0.020377 0.00769081 0.0508713 
457 0.868484 0.0344454 0.0165915 0.012473 0.0127597 0.0100532 0.00691208 0.0157081 0.00379349 0.0187796 
458 0.743386 0.0496906 0.0386589 0.0268587 0.0303072 0.01788 0.0168086 0.0162183 0.0225622 0.03763 
460 0.750761 0.0511964 0.0398304 0.0276726 0.0312256 0.0184218 0.017318 0.0165961 0.00820803 0.0387703 
461 0.878184 0.0351163 0.0235884 0.014409 0.00787938 0.00620741 0.010875 0.00309174 0.00249657 0.0181526 
462 0.776284 0.0433208 0.0337026 0.0234153 0.0392421 0.0155877 0.0146537 0.0140428 0.00694525 0.0328056 
463 0.93671 0.0306635 0.00432978 0.00287 0.00209382 0.00131682 0.00954092 0.000519723 0.00147064 0.0104842 
464 0.954768 0.011317 0.00357301 0.009361 0.00172784 0.00807961 0.00787291 0.000428862 0.00120933 0.00166253 
465 0.85467 0.0306154 0.0242884 0.0110364 0.0209028 0.0088932 0.00596529 0.00442951 0.00349113 0.0357081 
466 0.740144 0.0616755 0.0370254 0.0257238 0.0290266 0.0171245 0.0160984 0.0154274 0.00763 0.0501245 
468 0.750259 0.0516985 0.0398304 0.0276726 0.0312256 0.0184218 0.017318 0.0165961 0.00820803 0.0387703 
471 0.63555 0.105047 0.0388292 0.03412 0.0355485 0.0290937 0.0248423 0.0176196 0.0311419 0.0482071 
472 0.641072 0.103456 0.0382409 0.033603 0.0350099 0.0286528 0.0248247 0.0321453 0.0155185 0.0474766 
473 0.766742 0.0517187 0.0365112 0.0253666 0.0286235 0.0168867 0.0158748 0.0152131 0.00752402 0.0355394 
476 0.897776 0.0323427 0.0133097 0.0202528 0.00769164 0.00625658 0.00451066 0.00349494 0.00253973 0.0118247 
479 0.910521 0.023165 0.017583 0.00658799 0.005532 0.00450474 0.00324894 0.0185143 0.00182939 0.00851378 
480 0.75065 0.0472884 0.0474399 0.024681 0.0278499 0.0184987 0.0268909 0.0148019 0.00732067 0.0345789 
482 0.640353 0.0909188 0.0369018 0.0292895 0.0522272 0.0237378 0.0274013 0.0328355 0.0141607 0.0521746 
483 0.661582 0.0975441 0.0360581 0.045897 0.0330786 0.0270155 0.0230679 0.0163611 0.0146317 0.0447637 
484 0.643839 0.119427 0.0376702 0.0331015 0.0344874 0.0282252 0.0241007 0.0170937 0.0152869 0.046768 
485 0.865579 0.0351934 0.0169602 0.0127501 0.0130433 0.0102766 0.00689322 0.00511854 0.00387779 0.030308 
487 0.879123 0.0249652 0.0157615 0.0108355 0.00909868 0.00764227 0.0181869 0.00421815 0.00307282 0.0270956 
492 0.89231 0.0249369 0.0157615 0.0239934 0.00909868 0.00740911 0.00534157 0.00413874 0.00300757 0.0140029 
494 0.700366 0.0698393 0.0354155 0.032644 0.0282148 0.0408916 0.0223407 0.0181439 0.00684798 0.0452964 
495 0.962047 0.00949399 0.00786016 0.00521015 0.0038011 0.00239053 0.00193583 0.000943496 0.00266053 0.00365757 
498 0.831816 0.0441488 0.0212003 0.0159377 0.0163041 0.0128457 0.00861653 0.00639818 0.00494287 0.0377894 
499 0.731542 0.051984 0.0404432 0.0280983 0.031706 0.0187052 0.0175844 0.0168514 0.00835015 0.0547355 
501 0.938813 0.0221479 0.00699881 0.00463917 0.00338454 0.00212855 0.00172368 0.000872671 0.0160349 0.00325684 
503 0.909212 0.0198893 0.0202704 0.00808161 0.00911898 0.00537983 0.00505746 0.00484665 0.00538556 0.0127586 
504 0.917324 0.0191478 0.0121564 0.0183625 0.00698485 0.0056878 0.0041006 0.00317722 0.00230885 0.0107497 
509 0.655294 0.0913626 0.0369018 0.0292895 0.0522272 0.0237378 0.0274009 0.0174513 0.0141607 0.0521746 
512 0.866153 0.0471781 0.0279066 0.00910752 0.0172529 0.0073404 0.00492373 0.0036561 0.00276985 0.0137121 
513 0.663488 0.0784349 0.0397744 0.0366617 0.031855 0.0457475 0.0250997 0.020377 0.00769081 0.0508713 
515 0.786094 0.0646903 0.0260283 0.0279835 0.0204048 0.012038 0.0113167 0.010845 0.00536773 0.035232 
520 0.829263 0.0487293 0.0234834 0.0176541 0.0180599 0.0142291 0.00954446 0.00708721 0.00536925 0.0265803 
521 0.691926 0.0718066 0.0364131 0.0335636 0.0290096 0.027959 0.02297 0.0327383 0.00704206 0.0465723 
524 0.881384 0.0274667 0.0175593 0.0262287 0.0100217 0.00816076 0.00588346 0.00455862 0.00331269 0.0154235 
525 0.750717 0.0482708 0.0375544 0.0260913 0.0437269 0.0173692 0.0163284 0.0156477 0.007739 0.0365548 
526 0.787931 0.0406029 0.0356794 0.0285642 0.0309118 0.0122812 0.0216463 0.0110641 0.00547202 0.0258469 
527 0.95612 0.00780604 0.00646722 0.00428683 0.00312748 0.00196759 0.0142503 0.000776295 0.00218904 0.00300939 
531 0.88947 0.029157 0.0184288 0.0126692 0.0106385 0.00866296 0.00624552 0.00483915 0.00351655 0.0163727 
532 0.962042 0.0094987 0.00786016 0.00521015 0.0038011 0.00239053 0.00193583 0.000943496 0.00266053 0.00365757 
534 0.844069 0.0380684 0.0297187 0.0136609 0.013975 0.0110106 0.0192903 0.00548415 0.00415478 0.0205681 
535 0.886327 0.0263224 0.0166372 0.0114375 0.00960416 0.00782116 0.0195268 0.00436868 0.00317466 0.0147809 
536 0.85218 0.0628034 0.0204256 0.023843 0.00909998 0.0071697 0.00480922 0.00357108 0.00270544 0.0133932 
539 0.668587 0.0772465 0.0391717 0.0512578 0.0312073 0.0300771 0.0247102 0.0200682 0.00757428 0.0501006 
543 0.852465 0.0386269 0.03081 0.0139941 0.0143158 0.0112792 0.00756573 0.00561791 0.00425612 0.0210698 
544 0.747896 0.0593434 0.0360209 0.0387176 0.0282314 0.0166553 0.0156574 0.0150047 0.00742095 0.0350526 
545 0.746926 0.051984 0.0404432 0.0280983 0.031706 0.0187052 0.0175844 0.0168514 0.0083343 0.0393668 
546 0.840772 0.0417214 0.0200845 0.0150989 0.015446 0.0121696 0.00816303 0.00606143 0.00459213 0.0358911 
547 0.737823 0.0561405 0.0593437 0.0362357 0.0264218 0.0155877 0.0146537 0.0140428 0.00694525 0.0328056 
549 0.879152 0.0249369 0.015808 0.0239469 0.00909868 0.020567 0.0053416 0.00413875 0.00300757 0.0140029 
551 0.747105 0.0489704 0.0380986 0.0264695 0.029868 0.0176209 0.016565 0.0158745 0.00961629 0.0498122 
552 0.819434 0.0622 0.0227824 0.0171271 0.0175208 0.0138043 0.00925955 0.00687565 0.00520898 0.0257869 
553 0.72868 0.0643965 0.0386589 0.0268587 0.0303072 0.01788 0.0168086 0.016108 0.00796661 0.0523359 
554 0.847993 0.0581375 0.032804 0.012291 0.0103209 0.00840436 0.00605909 0.0046947 0.00341158 0.0158839 
556 0.832058 0.0406274 0.0197643 0.0273374 0.0151295 0.0245986 0.00795372 0.00590601 0.00447438 0.0221503 
561 0.942727 0.0171702 0.0157386 0.00352771 0.00257366 0.00161859 0.00951895 0.00284726 0.0018014 0.00247648 
562 0.739545 0.0504427 0.0392359 0.0272596 0.0307595 0.0183765 0.0317553 0.0163484 0.00808552 0.0381916 
564 0.947477 0.00934359 0.00774107 0.0051312 0.0037435 0.00235431 0.0019065 0.000929212 0.0177717 0.00360216 
566 0.842193 0.0502108 0.0304388 0.0138255 0.0141433 0.0111433 0.00747458 0.00555023 0.00420484 0.0208159 
568 0.953124 0.0172271 0.00581382 0.00151247 0.00112961 0.00958169 0.000575679 0.000274024 0.0097003 0.0010614 
569 0.870157 0.065887 0.0123098 0.00925414 0.00946691 0.0074588 0.00500314 0.00371507 0.00281453 0.0139332 
