2 0.838292 0.0484298 0.0388422 0.0166832 0.0124577 0.011422 0.00935825 0.00637492 0.00416496 0.0139753 
3 0.978136 0.00755416 0.00473974 0.00192883 0.000366198 0.00176084 0.00186335 9.11108e-05 0.00014155 0.00341793 
4 0.921108 0.024466 0.00880185 0.00200031 0.0202051 0.0016689 0.000938203 0.000754099 0.00934947 0.0107077 
5 0.823812 0.046189 0.028079 0.0228431 0.0170575 0.0156394 0.0128136 0.00872873 0.00570279 0.0191354 
6 0.878797 0.0217204 0.0424556 0.0124296 0.00816532 0.00593694 0.00557694 0.00381389 0.00127301 0.0198313 
7 0.921152 0.00958711 0.013447 0.00305603 0.00321298 0.0302055 0.00143353 0.000748475 0.000798653 0.0163589 
8 0.816983 0.0440468 0.0268402 0.0218353 0.0163049 0.0168711 0.0250325 0.00834364 0.0054512 0.0182912 
9 0.83519 0.0416104 0.0208083 0.027015 0.0218481 0.0108184 0.0194988 0.00603583 0.00394342 0.0132319 
10 0.725552 0.0656019 0.0403589 0.0393196 0.0285807 0.0217175 0.0188506 0.0131536 0.00974202 0.0371237 
11 0.808536 0.048947 0.0405963 0.0228431 0.0170575 0.0156394 0.0128136 0.00872873 0.00570279 0.0191354 
12 0.981713 0.00229415 0.00481524 0.00113055 0.00810316 0.000218311 0.000127884 6.67849e-05 0.00131041 0.000220376 
13 0.825903 0.0460671 0.0276535 0.022497 0.016799 0.0154024 0.0126195 0.00859648 0.00561639 0.0188455 
14 0.811437 0.0453815 0.0276535 0.022497 0.016799 0.0154024 0.0126195 0.00859648 0.00594668 0.0336667 
15 0.713034 0.0627347 0.0403589 0.0393196 0.0285807 0.0217175 0.0188506 0.0131536 0.0251264 0.037124 
18 0.958744 0.00814276 0.0235461 0.00104282 0.00108991 0.000834932 0.00522844 0.000255404 0.000272526 0.000842859 
19 0.97141 0.00854551 0.00990027 0.0011057 0.00115563 0.000885278 0.000518834 0.0052957 0.00028896 0.000893685 
20 0.959936 0.0106267 0.0240096 0.000592796 0.00330635 0.000473576 0.000277426 0.000144866 0.000154578 0.000478073 
26 0.950243 0.0286207 0.0102998 0.00234078 0.0024465 0.00187415 0.0010979 0.0005733 0.000611734 0.00189195 
27 0.862049 0.047618 0.0266324 0.0142769 0.0106609 0.00977461 0.00800851 0.00545546 0.00356425 0.0119596 
32 0.823921 0.0460797 0.028079 0.0228431 0.0170575 0.0156394 0.0128136 0.00872873 0.00570279 0.0191354 
33 0.823556 0.0464446 0.028079 0.0228431 0.0170575 0.0156394 0.0128136 0.00872873 0.00570279 0.0191354 
34 0.89126 0.0327764 0.0326197 0.0106839 0.00589791 0.010726 0.00443024 0.00301791 0.00197171 0.00661596 
35 0.966768 0.00402117 0.0211931 0.00035423 0.00355994 0.000281568 0.00335974 8.60865e-05 9.18578e-05 0.000284095 
36 0.665543 0.0936971 0.0420437 0.0391078 0.0323546 0.044035 0.0153497 0.0164975 0.0109719 0.0404 
37 0.981425 0.00418821 0.00922004 0.000188934 0.000197982 0.00358411 8.88639e-05 0.000904347 4.93587e-05 0.000152655 
43 0.652172 0.100228 0.0459246 0.0427177 0.0353412 0.0327152 0.0167666 0.0180203 0.0119847 0.0441293 
44 0.9283 0.0162936 0.0159417 0.00729573 0.0140865 0.00428239 0.00402271 0.002751 0.000844713 0.00618136 
47 0.7216 0.060862 0.0391541 0.0381459 0.0277275 0.0210692 0.0182879 0.0127609 0.0243766 0.0360156 
48 0.958206 0.00816612 0.0185337 0.00279179 0.0053873 0.00163778 0.00153847 0.00105211 0.000323056 0.00236403 
49 0.894768 0.0320079 0.0145367 0.0136935 0.0110546 0.00803771 0.00755032 0.00516342 0.00158546 0.0116019 
51 0.808536 0.0460797 0.028079 0.0228431 0.0221979 0.0258836 0.0128136 0.00872873 0.00570279 0.0191354 
52 0.849374 0.0820603 0.0231534 0.0105962 0.00855414 0.00621965 0.00584251 0.00399551 0.00122685 0.00897769 
53 0.959921 0.0269998 0.00464755 0.000614643 0.00343564 0.000492101 0.000288275 0.000150531 0.000160772 0.00328991 
55 0.982191 0.00528396 0.00623607 0.00412098 0.00172763 0.00013646 7.99398e-05 4.17429e-05 4.45414e-05 0.000137756 
56 0.802277 0.0587527 0.0268402 0.0218353 0.016305 0.0296552 0.0122484 0.00834364 0.0054512 0.0182912 
57 0.735485 0.0904758 0.0336324 0.0327664 0.0238172 0.0180979 0.0157088 0.0109613 0.00811835 0.0309364 
62 0.95358 0.0137261 0.0271897 0.00332252 0.000628336 0.000481339 0.000281974 0.000147241 0.000157112 0.000485911 
63 0.975133 0.000947951 0.0178964 0.00140061 0.00273661 0.000211743 0.000124041 6.47718e-05 6.91299e-05 0.00141566 
65 0.911955 0.0186508 0.017122 0.0089988 0.0127802 0.00616099 0.0111084 0.00343859 0.00224656 0.00753818 
66 0.667482 0.0917581 0.0420437 0.0391078 0.0323546 0.0299505 0.0153497 0.0164975 0.0109719 0.0544845 
67 0.968328 0.0102337 0.0175601 0.00285833 0.000294452 0.000224707 0.000131636 6.87374e-05 7.33456e-05 0.000226841 
68 0.977056 0.0079373 0.00533936 0.003044 0.00282509 0.000371851 0.000860381 0.000545298 0.000936128 0.00108455 
69 0.95248 0.0149996 0.00712596 0.00588553 0.00284089 0.00504717 0.00826079 0.000945492 0.000290296 0.0021243 
70 0.826588 0.0453824 0.0276535 0.022497 0.016799 0.0154024 0.0126195 0.00859648 0.00561639 0.0188455 
72 0.713034 0.0781193 0.0403589 0.0393196 0.0285807 0.0217175 0.0188506 0.0131536 0.00974202 0.0371237 
73 0.811437 0.0453815 0.0276535 0.022497 0.016799 0.0154024 0.0126195 0.00859648 0.00561639 0.033997 
74 0.965801 0.00864227 0.0190268 0.00141047 0.00147417 0.0011293 0.000661554 0.00034545 0.000368609 0.00114002 
75 0.829177 0.0447042 0.0272408 0.0221612 0.0165483 0.0151725 0.0124311 0.00846817 0.00553256 0.0185642 
76 0.900706 0.028256 0.0141028 0.0132848 0.0107246 0.00779778 0.00732493 0.00500929 0.00153813 0.0112556 
78 0.728417 0.0627361 0.0403589 0.0393196 0.0285807 0.0217175 0.0188506 0.0131536 0.00974202 0.0371237 
79 0.889637 0.0411008 0.0149601 0.0121705 0.009088 0.00833246 0.00682692 0.00465055 0.00303837 0.0101951 
80 0.816983 0.0440468 0.0268402 0.0218353 0.0310108 0.0149494 0.0122483 0.00834364 0.0054512 0.0182912 
81 0.636788 0.100228 0.0459246 0.0427177 0.0353412 0.0327152 0.0167666 0.0180203 0.0119847 0.0595139 
82 0.858435 0.107072 0.0130951 0.00395591 0.00319355 0.002322 0.00218954 0.00592776 0.000458022 0.00335167 
87 0.905689 0.0250294 0.0262933 0.00794714 0.00641569 0.0135924 0.00438267 0.00299663 0.000920134 0.00673327 
89 0.814589 0.0384768 0.0313881 0.0269053 0.0175259 0.0133173 0.0115593 0.00806588 0.00609172 0.0320807 
90 0.921064 0.0213663 0.0278417 0.0116745 0.00443548 0.00322501 0.00302945 0.00207174 0.000636142 0.0046551 
93 0.965726 0.0156154 0.00428966 0.00442888 0.00307319 0.00396659 0.000899026 0.000563125 0.000172911 0.00126531 
98 0.953145 0.0223268 0.00896056 0.00806943 0.000916992 0.000660494 0.000620443 0.000424301 0.000462747 0.00441358 
101 0.887463 0.0425439 0.0138954 0.0130894 0.0105669 0.0076831 0.00721721 0.00493563 0.00151551 0.0110901 
102 0.816983 0.0440468 0.0268402 0.0218353 0.0163049 0.0149494 0.017604 0.0176938 0.00545126 0.0182912 
103 0.971168 0.00748604 0.00803576 0.00173962 0.00335577 0.00102043 0.00291166 0.000655513 0.000215035 0.00341227 
104 0.945571 0.0188049 0.0149939 0.00358963 0.00591134 0.00393391 0.00198781 0.0013541 0.000884682 0.0029685 
107 0.959593 0.00758554 0.0106394 0.00241795 0.00252715 0.00229319 0.0117608 0.000597203 0.000631901 0.00195432 
109 0.868218 0.0483308 0.0363566 0.0109886 0.00887096 0.00645001 0.0060589 0.00414349 0.00127228 0.00931019 
110 0.827151 0.0415997 0.0253491 0.0206222 0.0153991 0.0141189 0.0115678 0.00788011 0.00514836 0.0311639 
112 0.719246 0.0582536 0.0374761 0.0365111 0.0265392 0.0344519 0.0175041 0.0263125 0.00923175 0.0344737 
113 0.785594 0.0510498 0.037472 0.029379 0.0213534 0.0162257 0.0140838 0.0098274 0.00727852 0.0277361 
114 0.856968 0.0425008 0.0194163 0.0157958 0.0117951 0.0108145 0.00886047 0.00603881 0.0140257 0.013785 
115 0.978246 0.0102791 0.00607086 0.00130602 0.0013285 0.00126705 0.000111329 5.84711e-05 0.00114044 0.000191848 
116 0.893713 0.0262934 0.0131234 0.0123622 0.00997983 0.00725626 0.00681626 0.00466143 0.00146657 0.0243276 
122 0.811437 0.0453815 0.0276535 0.0225226 0.0319249 0.0154024 0.0126195 0.00859648 0.00561639 0.0188455 
123 0.897653 0.0291229 0.0145367 0.0136935 0.0110546 0.00803771 0.00755032 0.00516342 0.00158546 0.0116019 
127 0.887463 0.027838 0.0138954 0.0146629 0.0236993 0.0076831 0.00721721 0.00493563 0.00151551 0.0110901 
128 0.702231 0.0920872 0.0397474 0.0387239 0.0281476 0.0213884 0.018565 0.0129543 0.00959441 0.0365613 
129 0.816983 0.0440468 0.0268402 0.0365412 0.0163049 0.0149494 0.0122483 0.00834364 0.0054512 0.0182912 
133 0.889094 0.02917 0.0264514 0.0128997 0.0104137 0.00757175 0.00711262 0.0048641 0.00149355 0.0109294 
134 0.802121 0.0547285 0.0250018 0.0203397 0.0151882 0.0139255 0.0114094 0.00777216 0.00507786 0.0444356 
140 0.82389 0.0461104 0.028079 0.0228431 0.0170575 0.0156394 0.0128136 0.00872873 0.00570279 0.0191354 
142 0.858051 0.0425439 0.0138954 0.027795 0.0252725 0.00768359 0.00721722 0.00493563 0.00151552 0.0110901 
144 0.923163 0.0423079 0.0111575 0.0043208 0.00834247 0.00253617 0.00238238 0.00162924 0.000500267 0.00366081 
145 0.843856 0.0310141 0.0323943 0.0323334 0.0133653 0.0101556 0.00881504 0.00615096 0.00455562 0.01736 
147 0.82872 0.0468768 0.0336312 0.0176762 0.0131992 0.0121019 0.0202646 0.00830955 0.00441313 0.0148071 
148 0.728398 0.062755 0.0403589 0.0393196 0.0285807 0.0217175 0.0188506 0.0131536 0.00974202 0.0371237 
149 0.874698 0.0682772 0.00935531 0.0180655 0.00776245 0.00517278 0.00485912 0.003323 0.00102035 0.00746659 
150 0.811437 0.060533 0.0276535 0.022497 0.016799 0.0154024 0.0126195 0.00859648 0.00561639 0.0188455 
151 0.846328 0.0318636 0.0300546 0.0157958 0.0224334 0.0108145 0.00886047 0.00603583 0.00394342 0.0238702 
152 0.899464 0.0708891 0.00520751 0.00451817 0.00381715 0.00755846 0.00249124 0.00170367 0.000523122 0.00382805 
154 0.717382 0.0769341 0.0397489 0.0387239 0.0281476 0.0213884 0.018565 0.0129543 0.00959441 0.0365613 
156 0.872737 0.069663 0.00945366 0.0189008 0.00718548 0.00522451 0.00490771 0.00335623 0.00103055 0.00754126 
157 0.911017 0.0220119 0.010987 0.0103498 0.00835521 0.00607559 0.017334 0.00390259 0.00119831 0.0087689 
158 0.908067 0.0275567 0.00958444 0.0174152 0.00684331 0.00497572 0.00467401 0.00319641 0.00100058 0.0166869 
164 0.889069 0.0242696 0.0121139 0.0114113 0.00921215 0.00669811 0.0191115 0.00430375 0.00132122 0.0224888 
169 0.72967 0.0590979 0.0380192 0.0370402 0.0269238 0.0204585 0.0322506 0.0123911 0.00917726 0.0349716 
171 0.977803 0.00721321 0.00930947 0.000413651 0.000432276 0.00409053 0.000194006 0.000101297 0.000108088 0.000334292 
172 0.844436 0.0374398 0.0228142 0.03106 0.0138592 0.012707 0.0104111 0.0070921 0.00463352 0.0155475 
173 0.885783 0.0282537 0.0141028 0.0132848 0.0107417 0.022706 0.00732493 0.00500929 0.00153813 0.0112556 
176 0.897653 0.0291229 0.0145367 0.0136935 0.0110546 0.00803771 0.00755032 0.00516342 0.00158546 0.0116019 
178 0.857581 0.0365967 0.0221738 0.0332557 0.01087 0.00996627 0.00816554 0.00556243 0.00363413 0.0121941 
179 0.753896 0.0888029 0.0492283 0.0430095 0.0140346 0.0128678 0.0105428 0.00718187 0.00469217 0.0157443 
180 0.957211 0.0129793 0.00653696 0.00379624 0.00533865 0.00329864 0.00378528 0.00339989 0.00102543 0.00262888 
182 0.799373 0.0832664 0.0253491 0.0206222 0.0153991 0.0141189 0.0115678 0.00788011 0.00514836 0.017275 
183 0.729671 0.07359 0.0380192 0.0370402 0.0269238 0.0204585 0.0177578 0.0123911 0.00917726 0.0349716 
184 0.78319 0.0717401 0.0366375 0.0253049 0.0183935 0.0139766 0.0121316 0.00846518 0.00626962 0.0238915 
185 0.924373 0.0345964 0.00814557 0.0076731 0.00619438 0.00450389 0.00423078 0.0028933 0.000888405 0.00650108 
186 0.7216 0.0757874 0.0391541 0.0381459 0.0277275 0.0210692 0.0182879 0.0127609 0.00945121 0.0360156 
190 0.737285 0.0574332 0.0369482 0.0359968 0.0261654 0.0198973 0.031327 0.012042 0.00891875 0.0339865 
191 0.780719 0.0932804 0.0243362 0.0197973 0.0281165 0.0135541 0.0111051 0.0075649 0.00494242 0.016584 
195 0.940648 0.0233159 0.0137432 0.00875373 0.00332661 0.00241875 0.00227209 0.00155381 0.000477107 0.00349132 
200 0.966011 0.00509966 0.0215084 0.00159447 0.00166646 0.0012766 0.000747843 0.000390508 0.000416688 0.00128872 
202 0.748137 0.0497287 0.0441869 0.0433631 0.0226554 0.0172151 0.0149426 0.0104266 0.00772233 0.0416225 
203 0.822045 0.0643685 0.0198508 0.0316751 0.0182406 0.0110516 0.00905309 0.00616704 0.00402915 0.0135196 
204 0.839913 0.0475875 0.0217278 0.0176762 0.0132047 0.0240012 0.0099153 0.00675438 0.00441288 0.0148071 
207 0.884053 0.0286816 0.0143164 0.0134861 0.0108871 0.0230674 0.00743592 0.00508519 0.00156144 0.0114261 
208 0.895171 0.0259313 0.0129436 0.0121929 0.00984312 0.00715686 0.00672288 0.00459757 0.00141171 0.0240291 
209 0.887463 0.027838 0.0138954 0.0130952 0.0252665 0.00768356 0.00721721 0.00493563 0.00151551 0.0110901 
210 0.856243 0.0862056 0.0220303 0.00696319 0.00980807 0.00472819 0.00387388 0.00263892 0.0017241 0.00578512 
211 0.895098 0.0321192 0.0261624 0.00802618 0.00599319 0.0109002 0.00450216 0.00847225 0.00200368 0.00672324 
212 0.899204 0.0286816 0.0143164 0.0134861 0.0108871 0.00791592 0.00743592 0.00508519 0.00156144 0.0114261 
214 0.890468 0.0239678 0.0153723 0.0205133 0.00909554 0.0119544 0.0135294 0.00424839 0.00130449 0.0095459 
215 0.935412 0.00565193 0.0296606 0.00225207 0.00228431 0.00447143 0.00225195 0 0 0.0180155 
216 0.901891 0.0242691 0.0121139 0.0114113 0.00921215 0.0195186 0.00629193 0.00430285 0.00132122 0.00966828 
217 0.882311 0.0680378 0.0167662 0.0076731 0.00619438 0.00450389 0.00423078 0.0028933 0.000888405 0.00650108 
218 0.824716 0.0421856 0.0257061 0.0209127 0.015616 0.0143177 0.0258153 0.00799109 0.00522087 0.0175183 
221 0.813388 0.0553625 0.0253491 0.0206222 0.0153991 0.0141189 0.0254567 0.00788011 0.00514836 0.017275 
224 0.740222 0.0654418 0.0349832 0.0451507 0.0270267 0.0188218 0.0163372 0.0113998 0.00844308 0.0321739 
226 0.763217 0.0491325 0.0316063 0.0307931 0.03443 0.0170076 0.0147625 0.010301 0.00762929 0.041121 
228 0.890678 0.0270427 0.0134984 0.0270011 0.010265 0.00746359 0.00701101 0.00479461 0.00147221 0.0107732 
229 0.919467 0.0208446 0.0226528 0.0145391 0.00552729 0.00401885 0.00377516 0.00258171 0.000792731 0.00580097 
230 0.676592 0.0892442 0.0545904 0.0380363 0.0314682 0.02913 0.0149292 0.0160455 0.0106713 0.0392932 
233 0.841893 0.0576016 0.0271901 0.0238923 0.0106609 0.00977461 0.00800851 0.00545546 0.00356425 0.0119596 
234 0.904964 0.0270427 0.0134984 0.0127154 0.010265 0.00746359 0.00701101 0.00479461 0.00147221 0.0107732 
237 0.636788 0.100228 0.0613092 0.0427177 0.0353412 0.0327152 0.0167666 0.0180203 0.0119847 0.0441293 
238 0.856915 0.034465 0.0209786 0.0170667 0.0242383 0.0116846 0.00957339 0.00652147 0.00426071 0.0142965 
241 0.876042 0.0453584 0.0109874 0.0103498 0.0199831 0.00607501 0.00570663 0.00390259 0.00119831 0.0203968 
242 0.840447 0.0383999 0.0233992 0.0190359 0.0142146 0.0130328 0.010678 0.00727394 0.0175728 0.0159461 
243 0.502134 0.0315042 0.0476832 0.10105 0.0414447 0.0256709 0.0716893 0.0254637 0.00455366 0.148807 
246 0.740383 0.0599844 0.0385783 0.0375849 0.0273198 0.0207593 0.018019 0.0125733 0.00931222 0.0354859 
247 0.946584 0.0261387 0.0118155 0.0110981 0.00125671 0.000962679 0.000563947 0.000294482 0.000314224 0.000971822 
248 0.966641 0.0166729 0.0109955 0.00122924 0.00128475 0.000984192 0.00057655 0.000301062 0.000321246 0.000993539 
249 0.730848 0.0634696 0.0397474 0.0387239 0.0281476 0.0213884 0.018565 0.0129543 0.00959441 0.0365613 
251 0.814252 0.0596296 0.0272408 0.0221612 0.0165483 0.0151725 0.0124311 0.00846817 0.00553256 0.0185642 
252 0.814252 0.0447042 0.0272408 0.0221612 0.0165483 0.0151725 0.0273565 0.00846817 0.00553256 0.0185642 
253 0.94343 0.0106196 0.0302797 0.00338513 0.00353802 0.00271031 0.00158773 0.000829079 0.000884661 0.00273605 
254 0.903053 0.024041 0.0119606 0.0112712 0.0217494 0.00661331 0.00621229 0.00424839 0.00130449 0.0095459 
256 0.90058 0.024621 0.0122712 0.0115595 0.00933179 0.00678508 0.00637364 0.00435873 0.00133838 0.0227809 
257 0.881373 0.0260303 0.0129436 0.0121929 0.00984312 0.0270193 0.0142541 0.00460116 0.00141171 0.0103305 
259 0.896403 0.0521723 0.00843648 0.00794714 0.00641561 0.00466474 0.00438188 0.00299725 0.0072129 0.00936845 
263 0.740934 0.0566356 0.0364351 0.0354969 0.025802 0.019606 0.0170179 0.0118748 0.00879488 0.0474034 
268 0.926596 0.00761762 0.0320996 0.00297449 0.0244528 0.00194755 0.00113409 0.0005922 0.000631901 0.00195432 
269 0.897653 0.0291229 0.0145367 0.0136935 0.0110546 0.00803771 0.00755032 0.00516342 0.00158546 0.0116019 
272 0.913815 0.016903 0.00843649 0.0258043 0.00641561 0.00466474 0.00438188 0.00299663 0.000920134 0.0156618 
273 0.950244 0.0179816 0.0102999 0.0129791 0.0024465 0.00187415 0.0010979 0.0005733 0.000611734 0.00189195 
274 0.890678 0.0270428 0.0134984 0.0127284 0.0245376 0.00746363 0.00701101 0.00479461 0.00147221 0.0107732 
276 0.884609 0.0252634 0.0125985 0.0385344 0.00958064 0.00696601 0.00654361 0.00447497 0.00137407 0.010055 
278 0.870107 0.0752485 0.00665571 0.0133061 0.0121052 0.00367923 0.00345619 0.00940547 0.000726004 0.00531075 
279 0.827151 0.0415997 0.039238 0.0206222 0.0153991 0.0141189 0.0115678 0.00788011 0.00514836 0.017275 
281 0.897653 0.0291229 0.0145367 0.0136935 0.0110546 0.00803771 0.00755032 0.00516342 0.00158546 0.0116019 
284 0.829518 0.0410301 0.0250018 0.0203397 0.0151882 0.0139255 0.0114094 0.0214708 0.00507783 0.0170384 
286 0.855288 0.0464561 0.0212225 0.0172651 0.0128923 0.0118205 0.0096847 0.0065973 0.00431025 0.0144628 
288 0.892089 0.0267907 0.0273927 0.0125363 0.0101204 0.00735846 0.00691226 0.00472708 0.00145148 0.0106215 
289 0.821654 0.0416902 0.030176 0.0183309 0.0139778 0.0361934 0.0110409 0.00700454 0.00457632 0.0153556 
290 0.794739 0.0808562 0.0335832 0.0212269 0.0216027 0.0121019 0.00991529 0.00675438 0.00441288 0.0148071 
291 0.960024 0.00751078 0.0105237 0.00239167 0.00249968 0.00191489 0.00112177 0.000585763 0.000625032 0.0128026 
292 0.875018 0.032497 0.0250109 0.0219875 0.00981182 0.0089961 0.00737066 0.00502095 0.00328037 0.0110071 
293 0.808536 0.0460797 0.028079 0.0382198 0.0170654 0.0156394 0.0128136 0.00872873 0.00570279 0.0191354 
298 0.836463 0.0428233 0.0260733 0.0212114 0.0158391 0.0145223 0.0118984 0.00810525 0.00529545 0.0177686 
300 0.859675 0.0681034 0.0155994 0.0126906 0.00947637 0.00868854 0.00711867 0.0048493 0.00316822 0.0106308 
301 0.902843 0.018724 0.020967 0.0263538 0.00764423 0.00416253 0.0108158 0.00220766 0.00144234 0.00483969 
302 0.728419 0.0627347 0.0403589 0.0393196 0.0285807 0.0217175 0.0188506 0.0131536 0.00974202 0.0371237 
303 0.896581 0.025587 0.0127687 0.0120281 0.00971011 0.00706015 0.00663204 0.00453544 0.00139281 0.0237042 
308 0.978446 0.0101188 0.00158458 0.000360121 0.00206428 0.00514708 0.000168908 8.81999e-05 9.42432e-05 0.0019276 
310 0.816983 0.0440468 0.0268402 0.0218353 0.0163049 0.0149494 0.0122483 0.0129972 0.0154153 0.0183794 
313 0.725694 0.059967 0.0532842 0.037585 0.0273197 0.0207593 0.018019 0.0125733 0.00931222 0.0354859 
314 0.945926 0.0101511 0.014238 0.00323579 0.00338193 0.00259074 0.00151768 0.000792502 0.000846643 0.0173202 
316 0.821657 0.0369852 0.0348781 0.0183309 0.0136881 0.0125501 0.0102825 0.00709426 0.0168618 0.0276717 
317 0.636788 0.100228 0.0459246 0.0581023 0.0353412 0.0327152 0.0167666 0.0180203 0.0119847 0.0441293 
318 0.836248 0.0394106 0.0240149 0.0326947 0.0145887 0.0133758 0.010959 0.00746536 0.00487739 0.0163658 
320 0.715177 0.0735902 0.0380196 0.0370402 0.0269238 0.0204585 0.0322506 0.0123911 0.00917726 0.0349716 
321 0.636788 0.115613 0.0459246 0.0427177 0.0353412 0.0327152 0.0167666 0.0180203 0.0119847 0.0441293 
324 0.943828 0.00554115 0.0376625 0.00119631 0.0050488 0.00503914 0.000442936 0.000231288 0.000246794 0.000763276 
327 0.898746 0.0222887 0.0125882 0.0245883 0.0139867 0.00701076 0.00574403 0.00391288 0.00255643 0.00857793 
328 0.671324 0.113272 0.0474416 0.0330554 0.0273473 0.0253153 0.0129742 0.0139443 0.00927385 0.0460524 
330 0.839967 0.0487324 0.0418571 0.0162413 0.026854 0.00664423 0.00544369 0.00370828 0.00242276 0.00812941 
331 0.954391 0.00466602 0.0272302 0.000657129 0.00603304 0.000485253 0.000281974 0.000147241 0.000158583 0.00594892 
332 0.885783 0.0282536 0.0141028 0.0132848 0.0107246 0.00816727 0.0218808 0.00500929 0.00153813 0.0112556 
333 0.69646 0.103907 0.0385783 0.0375849 0.0273198 0.0207593 0.018019 0.0125733 0.00931222 0.0354859 
335 0.856943 0.0318875 0.0406924 0.0157958 0.0117951 0.0108145 0.00886047 0.00603583 0.00394342 0.0132319 
339 0.652805 0.0958128 0.0438985 0.0408331 0.033782 0.0341094 0.0277682 0.0173524 0.0114559 0.0421824 
340 0.820731 0.039936 0.0368997 0.0205671 0.0281155 0.0135541 0.0111051 0.0075649 0.00494242 0.016584 
341 0.86727 0.0276848 0.0259187 0.0136247 0.0248913 0.0129513 0.00764263 0.00520521 0.00340075 0.011411 
342 0.913489 0.0456925 0.0204285 0.00222258 0.00232297 0.0118805 0.00104246 0.000544345 0.000580838 0.0017964 
343 0.82387 0.046131 0.028079 0.0228431 0.0170575 0.0156394 0.0128136 0.00872873 0.00570279 0.0191354 
345 0.831669 0.0440666 0.0268402 0.0218353 0.0163049 0.0149494 0.0122483 0.00834364 0.0054512 0.0182912 
350 0.945119 0.0252279 0.0144505 0.00328409 0.0034324 0.00262941 0.00154033 0.000804331 0.000858254 0.00265438 
353 0.829996 0.0470632 0.0214722 0.0174682 0.0248086 0.0119595 0.00979864 0.0184396 0.00436096 0.0146329 
355 0.89573 0.0348781 0.0234323 0.0107238 0.0086572 0.00629459 0.0059129 0.00404365 0.00124163 0.00908585 
356 0.846 0.0563371 0.0203055 0.0199585 0.0197236 0.00950056 0.00778397 0.0053025 0.00346431 0.0116243 
359 0.895171 0.0259313 0.0129436 0.0121929 0.0235417 0.00715686 0.00672288 0.00459757 0.00141171 0.0103305 
362 0.763889 0.0642753 0.0332067 0.0323516 0.0235157 0.0178688 0.01551 0.0108226 0.00801558 0.0305448 
363 0.946827 0.00379721 0.0272953 0.00670332 0.00675825 0.000967969 0.000567046 0.0002961 0.00031595 0.00647167 
364 0.729669 0.0590986 0.0380192 0.0370402 0.0269238 0.0204585 0.0177578 0.0123911 0.00917726 0.0494644 
368 0.875758 0.0326424 0.0146031 0.0198764 0.00886991 0.00813682 0.0226587 0.00453894 0.00296545 0.0099504 
369 0.808536 0.0614643 0.028079 0.0228431 0.0170575 0.0156394 0.0128136 0.00872873 0.00570279 0.0191354 
370 0.920748 0.0381507 0.0305999 0.0022684 0.00237083 0.00181619 0.00106394 0.000555569 0.000592814 0.00183344 
371 0.819636 0.0434084 0.0264512 0.0215189 0.0160686 0.0147328 0.0120708 0.0227155 0.0053722 0.0180261 
372 0.926175 0.0150406 0.00723305 0.0218197 0.0130194 0.00395796 0.00371796 0.0025426 0.00078072 0.00571308 
373 0.870858 0.0581043 0.0141028 0.0132848 0.0107246 0.00779778 0.00732493 0.00500929 0.00153813 0.0112556 
374 0.7216 0.0608626 0.0391541 0.0530713 0.0277275 0.0210692 0.0182879 0.0127609 0.00945121 0.0360156 
375 0.892443 0.0202068 0.0326617 0.00843828 0.00629963 0.0113663 0.010496 0.00323322 0.00210615 0.0127489 
376 0.811437 0.0453816 0.0276536 0.0237795 0.0306623 0.0154081 0.0126195 0.00859648 0.00561639 0.0188455 
377 0.95999 0.00489174 0.0138604 0.00859178 0.00161951 0.00124064 0.000726777 0.000379508 0.0074472 0.00125242 
379 0.636788 0.115613 0.0459246 0.0427177 0.0353412 0.0327152 0.0167666 0.0180203 0.0119847 0.0441293 
381 0.91497 0.0210347 0.0104987 0.00988977 0.00798387 0.00580501 0.00545301 0.00372914 0.00114507 0.0194903 
386 0.885783 0.0282536 0.0141028 0.0132848 0.0107246 0.00779778 0.0222503 0.00500932 0.00153813 0.0112556 
387 0.717382 0.0617841 0.0397474 0.0387239 0.0281476 0.0363278 0.0187771 0.0129543 0.00959441 0.0365613 
394 0.729658 0.0597718 0.0518503 0.0370402 0.0269238 0.0204585 0.0177578 0.0123911 0.00917726 0.0349716 
400 0.706675 0.0757874 0.0540795 0.0381459 0.0277275 0.0210692 0.0182879 0.0127609 0.00945121 0.0360156 
401 0.892244 0.043328 0.0057185 0.0352094 0.00430285 0.00312845 0.00892677 0.00200972 0.000617096 0.00451572 
402 0.741411 0.0668125 0.0345174 0.0336286 0.024444 0.0185741 0.0161222 0.0112498 0.008332 0.0449084 
404 0.735692 0.0777725 0.0307742 0.0369535 0.0256633 0.0219226 0.0112354 0.0120755 0.00803101 0.0398804 
406 0.94893 0.00958712 0.013447 0.00305602 0.00319404 0.0163357 0.00143337 0.000748475 0.000798653 0.00247005 
408 0.725694 0.059967 0.0385783 0.0375849 0.0273198 0.0207593 0.018019 0.0125733 0.00931222 0.0501918 
410 0.954411 0.0153658 0.0121117 0.00721152 0.00139376 0.0010677 0.000625469 0.000326607 0.000365318 0.00712163 
411 0.57753 0.160725 0.0367241 0.0566178 0.0327896 0.0276677 0.0305104 0.010192 0.0120949 0.0551485 
412 0.63272 0.112145 0.0445546 0.0414426 0.0342862 0.0317386 0.0162661 0.0174824 0.0116269 0.0577373 
414 0.822212 0.0427883 0.0260733 0.0212114 0.0301248 0.0145223 0.0118983 0.00810525 0.00529545 0.0177686 
417 0.733532 0.0582536 0.0374761 0.0365111 0.0265392 0.0201662 0.0175041 0.0122141 0.00906171 0.0487422 
419 0.91841 0.0299907 0.00731792 0.014323 0.0054851 0.00398818 0.00374634 0.00256201 0.00078668 0.0133903 
420 0.744483 0.0695583 0.035936 0.0350106 0.0254485 0.0193375 0.0167848 0.0117121 0.0086744 0.0330554 
421 0.58354 0.144169 0.0361995 0.055809 0.0323212 0.0272724 0.0300745 0.0243321 0.0119221 0.0543607 
422 0.565974 0.156174 0.038984 0.060102 0.0348074 0.0293703 0.0323879 0.0108192 0.0128392 0.0585422 
423 0.823495 0.0465058 0.028079 0.0228431 0.0170575 0.0156394 0.0128136 0.00872873 0.00570279 0.0191354 
425 0.922044 0.017059 0.0175215 0.00801875 0.0154824 0.00470677 0.00442136 0.00302363 0.000928424 0.00679393 
426 0.956518 0.0145398 0.00474817 0.00949788 0.0036108 0.00262538 0.00246618 0.00168655 0.000517865 0.00378958 
427 0.715177 0.0590979 0.0380192 0.051533 0.0414166 0.0204585 0.0177578 0.0123911 0.00917726 0.0349716 
428 0.737283 0.057435 0.0369483 0.0359968 0.0261654 0.0198822 0.0313421 0.012042 0.00891875 0.0339865 
429 0.893849 0.0208816 0.0104117 0.0427195 0.00789641 0.00574122 0.00539308 0.00368816 0.00113247 0.0082871 
431 0.889094 0.0274346 0.013694 0.0129074 0.0248988 0.00757175 0.00711262 0.0048641 0.00149355 0.0109294 
432 0.737269 0.0574494 0.0369483 0.0359968 0.0261654 0.0198822 0.0172576 0.0261265 0.00891875 0.0339865 
433 0.667447 0.101553 0.0538527 0.0375223 0.0310429 0.0287363 0.0147274 0.0158287 0.0105271 0.0387622 
438 0.713034 0.0781192 0.0403589 0.0393196 0.0285807 0.0217175 0.0188506 0.0131536 0.00974202 0.0371237 
439 0.652172 0.100229 0.0459246 0.0427177 0.0353412 0.0327152 0.0167666 0.0180203 0.0119847 0.0441293 
442 0.882503 0.0261516 0.0128458 0.0254645 0.0232236 0.00706015 0.00663204 0.00453544 0.00139264 0.0101909 
444 0.850044 0.0582091 0.0177204 0.0241234 0.0107646 0.00986951 0.00808626 0.00550842 0.00359885 0.0120757 
446 0.984587 0.00392239 0.00223083 0.00203855 0.00130305 0.00270847 0.000238823 0.000124171 0.000132504 0.00271392 
447 0.885782 0.028255 0.0141028 0.0132848 0.0107246 0.00779778 0.0222503 0.00500929 0.00153813 0.0112556 
448 0.897653 0.0291229 0.0145367 0.0136935 0.0110546 0.00803771 0.00755032 0.00516342 0.00158546 0.0116019 
449 0.853042 0.032975 0.0154672 0.0210576 0.0178654 0.0170937 0.0155339 0.0048082 0.00314137 0.0190153 
450 0.893628 0.0256026 0.0155994 0.0126906 0.00947637 0.00868855 0.00711867 0.0048493 0.0117152 0.0106308 
451 0.851032 0.0364687 0.0217278 0.029581 0.0131992 0.0121019 0.00991529 0.00675438 0.00441288 0.0148071 
453 0.822212 0.0427883 0.0260733 0.0212114 0.0158391 0.0145223 0.0118984 0.0223909 0.00529545 0.0177686 
455 0.82352 0.0464807 0.028079 0.0228431 0.0170575 0.0156394 0.0128136 0.00872873 0.00570279 0.0191354 
456 0.747935 0.0551048 0.0354503 0.0345375 0.0251046 0.0190761 0.016558 0.0250673 0.00855719 0.0326087 
457 0.959144 0.00766979 0.0107576 0.00244482 0.00256276 0.013061 0.00114669 0.00059878 0.000638922 0.00197604 
458 0.652172 0.100228 0.0459246 0.0427177 0.0353412 0.0327152 0.0167666 0.0180203 0.0119847 0.0441293 
459 0.571317 0.163089 0.0372642 0.0574504 0.0332718 0.0280746 0.0309591 0.0103419 0.0122727 0.0559595 
460 0.961584 0.010033 0.0138312 0.00314334 0.0032853 0.00251672 0.00147432 0.00076986 0.000821471 0.00254062 
462 0.902168 0.0278384 0.0138954 0.0130894 0.0105669 0.0076831 0.00721721 0.00493563 0.00151551 0.0110901 
464 0.717382 0.0617841 0.0397474 0.0387239 0.0281476 0.0213884 0.0337165 0.0129543 0.00959441 0.0365613 
465 0.847202 0.0560396 0.0168994 0.0137482 0.0102681 0.027929 0.007712 0.0052534 0.00343224 0.0115167 
466 0.842408 0.0379726 0.023103 0.0187949 0.0140346 0.0128678 0.0105428 0.00718187 0.00475116 0.0283435 
468 0.882269 0.0291229 0.0145367 0.0136935 0.0264392 0.00803771 0.00755032 0.00516342 0.00158546 0.0116019 
470 0.829517 0.041032 0.0387002 0.0203397 0.0151882 0.0139255 0.0114094 0.00777216 0.00507783 0.0170384 
471 0.829518 0.0410302 0.0250018 0.0203397 0.0151882 0.0139255 0.0114094 0.00777216 0.00507783 0.030737 
472 0.948824 0.0149274 0.0179562 0.00823397 0.0038899 0.00521321 0.000251106 0.00013112 0.00013991 0.000432709 
474 0.867774 0.0263964 0.0261772 0.0121929 0.00984312 0.009694 0.0295276 0.00665294 0.00141171 0.0103305 
476 0.938927 0.00929684 0.0125738 0.0158445 0.00298664 0.00228793 0.0143273 0.000699872 0.000746792 0.00230965 
478 0.884818 0.0464896 0.018551 0.0163253 0.00729431 0.00668789 0.0054795 0.00373268 0.0024387 0.00818289 
479 0.900473 0.0583505 0.00838201 0.00564563 0.00801163 0.00387153 0.00316931 0.00595721 0.00140944 0.00472928 
480 0.900442 0.0270392 0.0275218 0.0083204 0.0158003 0.00514173 0.00458664 0.00313666 0.000963131 0.00704791 
485 0.882269 0.0291229 0.0145367 0.0136935 0.0264392 0.00803771 0.00755032 0.00516342 0.00158546 0.0116019 
489 0.829174 0.0447069 0.0272408 0.0221612 0.0165483 0.0151725 0.0124311 0.00846817 0.00553256 0.0185642 
501 0.664136 0.10595 0.0426443 0.0396665 0.0328168 0.0303784 0.015569 0.0167332 0.0111286 0.0409772 
502 0.632704 0.112162 0.0594791 0.0414426 0.0342862 0.0317386 0.0162661 0.0174824 0.0116269 0.042812 
503 0.897652 0.0291246 0.0145367 0.0136935 0.0110546 0.00803771 0.00755032 0.00516342 0.00158546 0.0116019 
506 0.928478 0.0300524 0.00579684 0.00546093 0.0105671 0.00826901 0.00405786 0.00205903 0.000632239 0.00462654 
508 0.84256 0.0442588 0.0347733 0.0134982 0.0100794 0.0274177 0.00757724 0.00515789 0.00336983 0.0113073 
509 0.892218 0.0266618 0.0133082 0.0125363 0.0101204 0.00735846 0.00691226 0.0188116 0.00145148 0.0106215 
510 0.706675 0.0757873 0.0391541 0.0530713 0.0277275 0.0210692 0.0182879 0.0127609 0.00945121 0.0360156 
513 0.822212 0.0427883 0.0260733 0.0354972 0.0158391 0.0145223 0.0118984 0.00810525 0.00529545 0.0177686 
514 0.861095 0.0480394 0.0175494 0.0142769 0.0106609 0.00977461 0.00800851 0.00545546 0.00358945 0.0215498 
516 0.767918 0.0458454 0.0407924 0.0398716 0.0208736 0.023022 0.0176137 0.00983523 0.00711496 0.0271128 
518 0.876409 0.0376819 0.0165921 0.0134982 0.0191703 0.00924145 0.00757168 0.00515789 0.00336983 0.0113073 
519 0.829519 0.0547285 0.0250018 0.0203397 0.0151882 0.0139255 0.0114094 0.00777216 0.00507783 0.0170384 
521 0.882269 0.0291229 0.0145367 0.0136935 0.0110546 0.00803771 0.0229349 0.00516343 0.00158546 0.0116019 
523 0.816971 0.0440589 0.0268402 0.0218353 0.0163049 0.0149494 0.0122483 0.00834365 0.0201571 0.0182912 
525 0.890678 0.0270427 0.0134984 0.0127154 0.010265 0.00746359 0.00701101 0.0185482 0.00200428 0.0107732 
528 0.922772 0.023152 0.00755909 0.00712064 0.0137484 0.00417963 0.00392619 0.0106849 0.000824445 0.00603301 
534 0.823921 0.0460797 0.028079 0.0228431 0.0170575 0.0156394 0.0128136 0.00872873 0.00570279 0.0191354 
536 0.643238 0.109163 0.0459246 0.0427177 0.0353412 0.0327152 0.0167666 0.0180203 0.0119847 0.0441293 
543 0.896207 0.0203566 0.0209127 0.00957075 0.0184231 0.00567367 0.0052771 0.00360885 0.0118608 0.00810888 
544 0.829177 0.0447042 0.0272408 0.0221612 0.0165483 0.0151725 0.0124311 0.00846817 0.00553256 0.0185642 
547 0.636788 0.100228 0.0459246 0.0427177 0.0353412 0.0480998 0.0167666 0.0180203 0.0119847 0.0441293 
549 0.843153 0.0410939 0.0250018 0.0203397 0.0151882 0.0139255 0.0114094 0.00777216 0.00507783 0.0170384 
550 0.946524 0.0055843 0.0157432 0.01776 0.00183985 0.00140936 0.000825619 0.000431121 0.000467766 0.009415 
554 0.662731 0.0939751 0.0560238 0.0396665 0.0328168 0.0303784 0.015569 0.0167332 0.0111286 0.0409772 
557 0.684456 0.0835695 0.051091 0.0355981 0.029451 0.0272627 0.0267927 0.015017 0.00998723 0.0367744 
561 0.732534 0.0617841 0.0397474 0.0387239 0.0281476 0.0213884 0.018565 0.0129543 0.00959441 0.0365613 
562 0.652169 0.100231 0.0459246 0.0427177 0.0353412 0.0327152 0.0167666 0.0180203 0.0119847 0.0441293 
563 0.837972 0.0481735 0.0219896 0.0178892 0.0133583 0.0122477 0.0100348 0.00683575 0.00446617 0.0270336 
568 0.734422 0.0551052 0.0354503 0.0345376 0.0386181 0.0190761 0.016558 0.0115538 0.00855718 0.0461222 
572 0.920238 0.0197669 0.00984256 0.0096427 0.0175302 0.00544245 0.00511219 0.00349607 0.00107349 0.00785548 
573 0.725694 0.059967 0.0385783 0.0375849 0.0273197 0.0215913 0.0318199 0.0126463 0.00931222 0.0354859 
574 0.769718 0.0503429 0.0323867 0.0315528 0.0229351 0.0174276 0.0151271 0.022901 0.00781767 0.0297906 
575 0.884632 0.0385735 0.0125985 0.0118677 0.00958064 0.00696601 0.00654361 0.00447497 0.00137407 0.0233883 
576 0.969405 0.00642338 0.0171867 0.000761386 0.000795747 0.000609586 0.000357102 0.000186471 0.000199015 0.00407554 
577 0.835933 0.069924 0.0254508 0.0133768 0.00998861 0.0091582 0.00750346 0.00511142 0.00339815 0.0201557 
578 0.636788 0.100228 0.0459246 0.0427177 0.0507258 0.0327152 0.0167666 0.0180203 0.0119847 0.0441293 
583 0.786427 0.0518856 0.0496794 0.0452547 0.0143992 0.0132021 0.0108167 0.00736841 0.00481405 0.0161532 
584 0.728419 0.0627347 0.0403589 0.0393196 0.0285807 0.0217175 0.0188506 0.0131536 0.00974202 0.0371237 
587 0.652172 0.100228 0.0459246 0.0427177 0.0353412 0.0327152 0.0167666 0.0180203 0.0119847 0.0441293 
588 0.958592 0.0108425 0.0148951 0.00338513 0.00353802 0.00271031 0.00158773 0.000829079 0.000884661 0.00273605 
590 0.713034 0.0627347 0.0557435 0.0393196 0.0285807 0.0217175 0.0188506 0.0131536 0.00974202 0.0371237 
593 0.931869 0.0213859 0.00569277 0.00536192 0.0043286 0.00321893 0.00890891 0.00202182 0.00139124 0.0158207 
594 0.884053 0.0286816 0.029468 0.0134861 0.0108871 0.00791592 0.00743592 0.00508519 0.00156144 0.0114261 
595 0.870858 0.0431789 0.0141028 0.0132848 0.0107246 0.00779778 0.00732507 0.0199345 0.00153813 0.0112556 
599 0.882269 0.0291229 0.0145367 0.0136935 0.0110546 0.00803795 0.0229347 0.00516342 0.00158546 0.0116019 
600 0.730728 0.0559159 0.035936 0.0487093 0.0391472 0.0193375 0.0167848 0.0117121 0.0086744 0.0330554 
601 0.713034 0.0627347 0.0557433 0.0393197 0.0285807 0.0217175 0.0188506 0.0131536 0.00974202 0.0371237 
604 0.64763 0.0972362 0.0445537 0.0563679 0.0342862 0.0317386 0.0162661 0.0174824 0.0116269 0.042812 
605 0.747812 0.0582597 0.0374761 0.0365111 0.0265392 0.0201662 0.0175041 0.0122141 0.00904616 0.034472 
610 0.808536 0.0460797 0.028079 0.0228431 0.0170576 0.0310239 0.0128136 0.00872873 0.00570279 0.0191354 
611 0.41036 0.25133 0.0571634 0.0756235 0.025965 0.022026 0.0445964 0.0190503 0.00474151 0.0891439 
615 0.941411 0.00607401 0.0260364 0.00193013 0.00202352 0.0102886 0.000927737 0.000472774 0.00927629 0.00156003 
618 0.636788 0.100228 0.0459246 0.0427177 0.0507258 0.0327152 0.0167666 0.0180203 0.0119847 0.0441293 
619 0.636788 0.100228 0.0459246 0.0581023 0.0353412 0.0327152 0.0167666 0.0180203 0.0119847 0.0441293 
620 0.955457 0.00657403 0.00922078 0.00209556 0.0021902 0.00167781 0.000982881 0.00051324 0.00737474 0.0139133 
622 0.889069 0.0242814 0.0249231 0.0114113 0.00921215 0.00669809 0.00629193 0.00430285 0.00134633 0.0224637 
624 0.728419 0.0627347 0.0403589 0.0393196 0.0285807 0.0217175 0.0188506 0.0131536 0.00974202 0.0371237 
625 0.898205 0.0222704 0.0228794 0.0104732 0.0084535 0.0179112 0.00577377 0.0039485 0.00121241 0.00887207 
626 0.946709 0.0100039 0.0140316 0.0031889 0.00333328 0.0170456 0.00149571 0.000781017 0.000833377 0.00257744 
631 0.928249 0.0157997 0.0183942 0.00205639 0.0114951 0.00185314 0.0194414 0.000511611 0.000537411 0.00166209 
632 0.919541 0.0378494 0.0161491 0.0103911 0.00394807 0.00287061 0.00269654 0.00184408 0.000566236 0.00414355 
634 0.866181 0.0322062 0.0196251 0.0159656 0.0119219 0.0109308 0.00895575 0.00610073 0.0147385 0.0133742 
635 0.827151 0.0415997 0.039238 0.0206222 0.0153991 0.0141189 0.0115678 0.00788011 0.00514836 0.017275 
636 0.713034 0.0627347 0.0403589 0.0401037 0.0431812 0.0217175 0.0188506 0.0131536 0.00974202 0.0371237 
641 0.715177 0.0735906 0.052512 0.0370402 0.0269238 0.0204585 0.0177578 0.0123911 0.00917726 0.0349716 
642 0.662731 0.0930689 0.05693 0.0396665 0.0328168 0.0303784 0.015569 0.0167332 0.0111286 0.0409772 
643 0.49903 0.16225 0.050257 0.0496672 0.063357 0.0241509 0.0464378 0.0231408 0.0361396 0.0455704 
644 0.872757 0.027838 0.0286013 0.0130894 0.0105669 0.022389 0.00721721 0.00493563 0.00151551 0.0110901 
645 0.930193 0.0125448 0.0271335 0.00328409 0.0034324 0.00262941 0.00154053 0.0157295 0.000858253 0.00265438 
647 0.934918 0.0158949 0.0456205 0.000388882 0.000406309 0.000311255 0.00194912 9.52123e-05 0.000101595 0.000314211 
649 0.808536 0.0460797 0.0434636 0.0228431 0.0170575 0.0156394 0.0128136 0.00872873 0.00570279 0.0191354 
650 0.960632 0.0101511 0.014238 0.00323579 0.00338193 0.00259074 0.00151768 0.000792502 0.000845632 0.00261534 
652 0.896514 0.0256543 0.0127687 0.0120281 0.00971011 0.00706015 0.00663204 0.00453544 0.00142402 0.023673 
653 0.638106 0.095807 0.0733095 0.0408331 0.033782 0.0312719 0.0160269 0.0172253 0.0114559 0.0421824 
656 0.811436 0.045383 0.0276535 0.022497 0.016799 0.0154024 0.0126195 0.00928399 0.0199539 0.0189719 
657 0.835135 0.0374263 0.0281532 0.0366021 0.0135212 0.0123971 0.0101571 0.00691912 0.00452051 0.0151683 
660 0.667471 0.0917683 0.0420437 0.0391078 0.0323546 0.0299505 0.0153497 0.0164975 0.0110261 0.0544303 
662 0.7216 0.060862 0.0540794 0.0381459 0.0277275 0.0210692 0.0182879 0.0127609 0.00945121 0.0360156 
663 0.935041 0.023476 0.013447 0.00305602 0.0032121 0.0163176 0.00143337 0.000748475 0.000798653 0.00247005 
665 0.762611 0.0468717 0.0531417 0.040871 0.0213534 0.0162257 0.0140838 0.0098274 0.00727852 0.0277361 
666 0.50868 0.102873 0.00419381 0.0699163 0.0571603 0.00563523 0.0365177 0.0103201 0.0011256 0.203578 
668 0.831822 0.0404754 0.024664 0.0200649 0.0149829 0.0137373 0.0112552 0.00766713 0.00500921 0.0303216 
670 0.808536 0.0460797 0.028079 0.0229833 0.0322195 0.0157218 0.0128136 0.00872873 0.00570279 0.0191354 
673 0.822216 0.05707 0.0260733 0.0212114 0.0158391 0.0145223 0.0118984 0.00810525 0.00529545 0.0177686 
674 0.657843 0.0944178 0.0432623 0.0402415 0.0477849 0.0308187 0.0157946 0.0169757 0.0112899 0.041571 
675 0.906436 0.0370942 0.00926707 0.00872627 0.00704459 0.00512207 0.0146154 0.00329042 0.00101034 0.00739339 
676 0.642291 0.0987095 0.0603803 0.0420705 0.0348057 0.0322195 0.0165126 0.0177473 0.0118031 0.0434606 
677 0.81715 0.0379137 0.0484193 0.0187949 0.0140346 0.0128678 0.0105428 0.00718187 0.00469217 0.0284025 
678 0.864134 0.0288574 0.0264031 0.0138766 0.010362 0.009602 0.0168253 0.00550551 0.00346431 0.0209701 
679 0.90189 0.0242693 0.0249344 0.0114113 0.00921215 0.00669809 0.00629193 0.00430285 0.00132122 0.00966828 
680 0.917359 0.0280616 0.0309965 0.00953146 0.00188387 0.00910161 0.000806269 0.000421017 0.000449242 0.0013894 
681 0.959152 0.00522798 0.00691558 0.00157167 0.0159284 0.00125836 0.00073716 0.000384936 0.00755356 0.00127034 
682 0.647629 0.0972372 0.0594791 0.0414426 0.0342862 0.0317386 0.0162661 0.0174824 0.0116269 0.042812 
684 0.648446 0.107355 0.0426443 0.0396665 0.0471025 0.0303784 0.015569 0.0167332 0.0111286 0.0409772 
689 0.829519 0.0547285 0.0250018 0.0203397 0.0151882 0.0139255 0.0114094 0.00777216 0.00507783 0.0170384 
691 0.7216 0.060862 0.0391541 0.0381459 0.0277275 0.0210692 0.0182879 0.0127609 0.00945121 0.0509409 
692 0.819636 0.0434084 0.040944 0.0215188 0.0160686 0.0147327 0.0120708 0.00822272 0.0053722 0.0180261 
693 0.736518 0.0608697 0.0391541 0.0381459 0.0277275 0.0210692 0.0182879 0.0127609 0.00945121 0.0360156 
694 0.713034 0.0627347 0.0557435 0.0393196 0.0285807 0.0217175 0.0188506 0.0131536 0.00974202 0.0371237 
695 0.899389 0.0220115 0.010987 0.0103498 0.0189717 0.0070864 0.0173345 0.00390259 0.00119831 0.0087689 
696 0.897653 0.029123 0.0145367 0.0136935 0.0110546 0.00803771 0.00755032 0.00516342 0.00158546 0.0116019 
